chr10:100163602-100164102	12.08	0	0	0.652835	0
chr10:100248727-100249227	6.28	0	0	0.566327	0
chr10:102883588-102884088	44.96	0	0.713284	6.94697	0
chr10:102893238-102893738	43.64	0	0	5.16983	0.0373694
chr10:102921563-102922063	28.64	0.804688	0	2.43038	0.00824207
chr10:102974392-102974892	19.96	1.50352	0	0	0
chr10:103533513-103534013	48.68	0.973424	0	0	0
chr10:103536138-103536638	20.2	1.66368	0	2.73095	0
chr10:103893149-103893649	9	1.73267	0	0.875264	0
chr10:103989613-103990113	19.12	1.61845	0	1.79516	0
chr10:104169463-104169963	33.48	0	0	7.02965	0
chr10:104562910-104563410	10.76	0	0	3.23436	0
chr10:105025414-105025914	19.56	1.98201	0	0	0.00754405
chr10:105314113-105314613	19.44	0.780527	0.344463	1.91834	0
chr10:111928688-111929188	38	0	0	0	0
chr10:113904937-113905437	3.8	0.99062	0	1.90868	0.0145295
chr10:115323161-115323661	8.68	0.816907	0	1.10956	0
chr10:119295988-119296488	40.24	2.98828	0	2.403	0
chr10:119312363-119312863	21.64	0	0	6.26005	0.0151516
chr10:120968926-120969426	14.96	2.78864	0.998445	2.34894	0.0117648
chr10:124027513-124028013	10	0.919628	0	0	0
chr10:124250591-124251091	7	0	0	0	0.0409598
chr10:124767247-124767747	9.12	0	0	0.8481	0
chr10:124904713-124905213	40.92	0.850091	0	0.993676	0
chr10:126069538-126070038	28.6	0.612387	0	1.2166	0
chr10:126138788-126139288	44.2	0	0	2.71364	0.0168253
chr10:129846813-129847313	18	0	0	0	0
chr10:134255178-134255678	5	0	0	13.1301	0
chr10:134775551-134776051	11.08	0	0	0	0
chr10:13571288-13571788	56.16	0.692561	0	1.43223	0
chr10:17496538-17497038	30.44	0.994525	0	0.75035	0.0239233
chr10:21816338-21816838	34.12	0.887042	0	0	0
chr10:22611063-22611563	190.36	0	0	1.8866	0
chr10:22613938-22614438	29	0.586077	0	0.584209	0
chr10:22625938-22626438	45.52	0	0	1.45665	0
chr10:22630488-22630988	38.12	0	0	1.53388	0
chr10:22634888-22635388	28.6	2.64764	0	0.704531	0.0145295
chr10:23437128-23437628	5	1.51493	0	11.0639	0
chr10:27548163-27548663	31.32	1.66137	0	0.526239	0
chr10:30791107-30791607	15.88	0	0	0	0.0892575
chr10:35105538-35106038	24.08	1.88497	0	2.29897	0
chr10:35931263-35931763	28.8	0	0	0	0.0603226
chr10:43947510-43948010	8	3.64323	0	0	0
chr10:50822613-50823113	30	0.990686	0	1.41526	0
chr10:54073163-54073663	35.56	2.96378	0	0	0
chr10:5707463-5707963	31.6	0	0	0	0
chr10:5708638-5709138	36.32	0	0	3.45451	0
chr10:60026974-60027474	4.84	1.70257	0	0	0
chr10:65226263-65226763	25.12	0	0	1.87645	0
chr10:6622638-6623138	27.52	0	0	0.491695	0.00671145
chr10:70716135-70716635	9.68	0	0	0	0
chr10:70999548-71000048	6.12	0	0	2.54504	0.0212767
chr10:72200413-72200913	30.16	0	0	1.15743	0.00903922
chr10:72639716-72640216	17.88	0.857437	0	0	0
chr10:72971288-72971788	23	0.6324	0	0	0
chr10:73155613-73156113	29.96	0	0	0	0
chr10:73156838-73157338	43.68	0.997155	0	0.994547	0
chr10:73693335-73693835	8.72	0.628606	0	2.13604	0.543273
chr10:73847638-73848138	38.04	0	0	0	0.00938634
chr10:74080371-74080871	12.04	1.8634	0	0.741022	0.0518257
chr10:75289052-75289552	14	0.995965	0	0	0.011102
chr10:7567098-7567598	10	1.74079	0	0	0
chr10:77167438-77167938	23.96	0.604243	0	0.765518	0
chr10:8077313-8077813	66.6	2.40839	0	0.630086	0
chr10:8084088-8084588	32.48	1.79363	0	3.03835	0
chr10:8089163-8089663	43.36	0.901432	0	0	0
chr10:8094213-8094713	30.28	0	0	0.482681	0.0558202
chr10:85953763-85954263	30.72	0.750565	0	0.514209	0.0168253
chr10:90966563-90967063	19.6	0	0	0	0
chr10:90967163-90967663	61.16	0	0	0.903441	0.0443424
chr10:91107781-91108281	9.76	0	0	0.549482	0.104478
chr10:92618188-92618688	33.6	1.94851	0	0.536664	0
chr10:92706688-92707188	26.28	0	0	0	0.298579
chr10:94448588-94449088	27.36	0	0	0	0.0185601
chr10:94450438-94450938	49.36	0	0	1.79325	0
chr10:94451538-94452038	44.76	0	0	7.09107	0
chr10:94832213-94832713	44.92	1.77362	0	0.863439	0.0168253
chr10:95241988-95242488	35.48	0.992986	0	1.67523	0
chr10:97747728-97748228	19.04	0	0	0.952085	0
chr10:97850038-97850538	25.28	0.628157	0	1.46168	0.0151516
chr10:98023425-98023925	6.56	0.763191	0	1.2353	0.0722221
chr10:99080288-99080788	40.44	2.34245	0	0.954626	0
chr10:99081163-99081663	27.44	0.983044	0.430643	2.30661	0
chr10:99259063-99259563	22.4	0	0	0	0.111589
chr1:101003638-101004138	26.24	0	0	0.863113	0
chr1:101362038-101362538	27.36	0.779559	0	1.76963	0.0106444
chr1:101490838-101491338	20.68	0.634355	0	0.60914	0
chr1:109939438-109939938	25.92	0	0	0	0
chr1:110008563-110009063	34.04	0	0	0.732924	0
chr1:110010188-110010688	20.92	0.789774	0	0.801688	0.0190708
chr1:11025213-11025713	21.88	2.79852	0	0	0.341457
chr11:102524398-102524898	17.28	0	0	2.31112	0
chr11:10315888-10316388	27.08	2.5805	0	0	0
chr11:10316438-10316938	38.8	0	0	2.18492	0.0231668
chr11:10323413-10323913	22.92	1.98861	0	0.860465	0
chr11:10325538-10326038	67.88	0	0	0	0
chr11:10326351-10326851	30	2.67231	0	0	0.0522324
chr11:10338739-10339239	18.28	0.634996	0	0	0.0264552
chr1:110611063-110611563	81.08	1.69298	0	0	0.00889459
chr11:10675744-10676244	13.6	0	0	0.886497	0
chr11:107462788-107463288	40.48	0.962882	0	0.459945	0
chr1:110753638-110754138	34.52	1.78562	0	2.4381	0.0148233
chr1:111097864-111098364	21.28	0	0	1.11509	0
chr11:111383838-111384338	38.28	0	0	0.538926	0.0140712
chr11:111397278-111397778	13.88	0	0	0.47909	0.0112043
chr1:111446489-111446989	7.24	0.981373	0	0	0
chr11:114487136-114487636	11.84	0	0	0	0.175488
chr1:111747597-111748097	14.68	2.3444	0	0.963124	0
chr11:118023713-118024213	29.12	0	0	0.895025	0
chr11:118042267-118042767	24.16	2.11566	0	0.9754	0.0358682
chr11:118151904-118152404	10.44	0.93461	0	2.47084	0.117463
chr11:118479738-118480238	50.36	0	0	22.4377	0
chr11:118754713-118755213	23.76	1.6248	0	0.630086	0
chr11:118785602-118786102	13.92	1.66437	0	2.60967	0
chr11:119018763-119019263	23.84	0.809033	0	2.23847	0.017544
chr11:120196338-120196838	31.04	0.696614	0	2.27015	0
chr11:121007666-121008166	7.92	0	0	14.0615	0
chr1:112282488-112282988	19.72	0.987482	0	1.81988	0
chr11:122854438-122854938	25.96	0	0	1.69578	0
chr11:122932030-122932530	7.76	0.636423	0	0	0.0228875
chr11:123941447-123941947	14.04	0	0	2.98154	0
chr11:124708688-124709188	36.44	2.07955	0	1.11084	0
chr11:124711963-124712463	39.56	1.44749	0	0	0.0587704
chr11:124714538-124715038	24.88	0	0	3.34839	0.0573252
chr11:125773613-125774113	27.8	0.955684	0	0.878118	0.00770421
chr11:128501938-128502438	22.84	0	0	2.3088	0
chr11:128760163-128760663	18.4	0.791395	0	0	0
chr11:128798318-128798818	7	0.852216	0	1.62844	0.0151516
chr11:130298913-130299413	42.88	1.57133	0.684209	0.685186	0
chr11:130304613-130305113	20.8	0	0	0.568452	0
chr1:113050938-113051438	31.56	0.567295	0	0	0
chr1:113217587-113218087	3.4	0	0	0	0
chr11:132278688-132279188	14.64	0.850821	0	3.13633	0.011102
chr1:114301498-114301998	3.88	0.845099	0	0.545378	0
chr1:114471120-114471620	23.88	0.559326	0	1.52891	0.0195553
chr11:16627138-16627638	53.16	0	0	1.85392	0.0173798
chr11:16627888-16628388	60.36	1.49535	0	2.15955	0.00987421
chr1:116653394-116653894	11	0	0	0.491695	0.00688998
chr11:17036263-17036763	35.52	0.992784	0	1.69085	0.0217393
chr1:117101978-117102478	11.92	0	0	1.34235	0
chr1:117117185-117117685	16.68	0.905292	0.317303	1.41613	0.0208523
chr1:117208163-117208663	23.48	0.805718	0	0	0.368422
chr11:17374663-17375163	27.4	0.964295	0	0	0.146929
chr1:117882502-117883002	9.72	0	0	2.41314	0
chr11:18300888-18301388	19.08	0	0	0.862415	0.0435523
chr11:18302088-18302588	27.32	0	0	0	0.0231024
chr11:18824288-18824788	26.72	0	0	0.718705	0.0304745
chr11:19040394-19040894	9.08	0	0	0	0
chr1:119529288-119529788	29.36	0.918736	0	3.14362	0
chr1:119534238-119534738	23.28	1.62163	0	0.913192	0.0208523
chr11:20183488-20183988	27	0	0	0.473039	0
chr1:120286738-120287238	23.96	0	0	1.19777	0
chr1:1240589-1241089	6	0.590661	0	0	0.0212767
chr11:2414409-2414909	5.8	0.837695	0	0.560899	0.00923082
chr11:2906438-2906938	30.56	1.86311	0	0.8969	0
chr11:31821763-31822263	43.12	0.704947	0	2.67449	0
chr11:31832288-31832788	61.28	0.999125	0.413638	3.59776	0.0441262
chr11:31842663-31843163	27.52	1.97758	0	0	0.00889459
chr11:33404505-33405005	11.4	0.986085	0	1.80742	0.0819677
chr11:33850888-33851388	31.96	1.18051	0	0	0.0251452
chr11:33889788-33890288	41.8	0.956006	0	0.999685	0
chr11:34201926-34202426	16	0.580883	0	1.41562	0
chr11:3611371-3611871	2	0	0	0	0
chr11:417132-417632	9.76	0	0	0	0
chr11:43964488-43964988	40.32	1.5136	0	1.15734	0
chr1:144528688-144529188	33.28	0	0	0.596775	0.011102
chr1:144987013-144987513	29.12	0.747747	0	1.24736	0
chr1:144998638-144999138	33.48	2.27048	0	1.28011	0
chr1:145001213-145001713	29.56	0	0	0.688262	0.0145295
chr1:145002863-145003363	24	0.832614	0	0.963124	0
chr1:145030513-145031013	32.76	0	0	0.758111	0
chr1:145038388-145038888	57.96	1.67716	0	1.43244	0.011102
chr1:145077638-145078138	29.72	0.939124	0	0.986683	0.037076
chr1:145084763-145085263	28	2.5711	0.777593	0.986261	0
chr11:45095084-45095584	11	0.986821	0	0.574634	0.0179865
chr1:145097538-145098038	33.48	0	0	1.12211	0
chr1:145396571-145397071	11	0.956781	0	0	0.00811727
chr11:45944838-45945338	34.16	0.951046	0	0.962067	0
chr11:46163124-46163624	8.76	0	0	0.638938	0.0222978
chr11:46317039-46317539	15.04	0	0	0.473853	0
chr11:46321138-46321638	18.36	0.996497	0	0.627302	0
chr11:46353928-46354428	35.52	0	0	0	0
chr11:46354002-46354502	34.04	0	0	0	0
chr11:46355038-46355538	39.32	0	0	0.85125	0
chr11:46411363-46411863	37.16	0	0	2.87606	0.0156422
chr11:46938638-46939138	42.6	0.878109	0	0	0
chr11:47377229-47377729	10.52	0	0	21.5911	0
chr11:47788019-47788519	20.2	0	0	2.09755	0
chr11:496828-497328	3.32	1.70574	0	7.42367	0.0111359
chr1:151313770-151314270	15.24	1.67035	0	0	0.00819468
chr1:151566543-151567043	19.44	0	0.989238	0.573836	0.00889459
chr1:152085013-152085513	25.48	2.45896	0	0	0
chr1:152898541-152899041	19.16	0	0	0.977549	0
chr1:153650313-153650813	33.88	1.90103	0.327242	2.99524	0
chr1:155053838-155054338	86.4	4.26898	0	1.50975	0.00889459
chr1:155063852-155064352	14.6	1.90094	0	0	0.0972371
chr1:155148738-155149238	19.48	0.735129	0	1.06182	0.00947573
chr1:155178363-155178863	9.12	0.942523	0	0.651027	0.0222958
chr11:556113-556613	40.28	0	0	1.75989	0
chr1:156164107-156164607	17.44	0	0	2.29648	0
chr1:156391688-156392188	43.44	1.55925	0	1.23198	0.151516
chr1:156410663-156411163	29.28	0.69333	0	0	0.00889459
chr1:156595463-156595963	40.16	0.991216	0	3.10996	0
chr1:156660038-156660538	21	0.963155	0	1.32224	0.00932351
chr1:156893013-156893513	33.08	2.43105	0	1.63287	0.00884961
chr11:57016988-57017488	20.52	1.72388	0	0.793053	0.0665832
chr1:15707409-15707909	9.4	0.745821	0	0	0
chr11:57103203-57103703	16.96	0.889896	0	1.35542	0.0421285
chr1:157151487-157151987	16.76	0	0	1.40519	0.0622985
chr11:5724889-5725389	4	0	0	0.685186	0.234376
chr11:57314502-57315002	6	1.85286	0	0	0
chr1:15736180-15736680	4	0.769566	0	0.724857	0.0259293
chr11:57413888-57414388	26.76	0.650366	0	3.13514	0
chr1:15799047-15799547	4	2.51035	0	0.626793	0.0115987
chr11:58274292-58274792	17.12	0	0	0.804348	0.00889459
chr1:159759994-159760494	18.4	0	0	0.538926	0
chr1:16008358-16008858	4	0.707665	0	0.87555	0.0573252
chr11:60156573-60157073	19.96	0.562897	0	0	0.0112043
chr1:160647447-160647947	10	0.863384	0	1.65557	0
chr11:60795732-60796232	20.88	4.83864	0	0.925716	0
chr1:160951363-160951863	25.92	2.72504	0	1.5519	0.0588239
chr11:61530690-61531190	5.56	0	0	0.634689	0.0573252
chr1:161688955-161689455	11.92	0	0	0.467564	0.00903922
chr11:61738779-61739279	13.72	0	0.835101	1.81593	0.0373694
chr11:62379317-62379817	9.96	0.558084	0	0.834971	0
chr11:62473330-62473830	8.52	0	0	0.552239	0
chr11:62673376-62673876	13.64	1.65139	0	0.916407	0.294119
chr1:16275134-16275634	13.52	1.77292	0	0	0
chr11:6280263-6280763	37.24	2.70814	0	0	0.0103093
chr1:163291863-163292363	21.44	0.719098	0	0.60914	0.0326956
chr11:63537263-63537763	30.32	0.979294	0	1.58108	0.0239153
chr11:63685273-63685773	13.24	2.88246	0	3.3024	0
chr11:63705932-63706432	7.16	0.775612	0	0	0.00778168
chr1:16400713-16401213	24.64	0.632473	0	10.347	0
chr11:64064963-64065463	41.64	0	0	3.34417	0
chr11:6440613-6441113	41	0	0	0	0.0128633
chr1:165323988-165324488	22.52	0.706873	0	0	0
chr11:65554563-65555063	37.08	0	0	0	0
chr11:65699903-65700403	5.56	0	0	0	0
chr11:66313988-66314488	8.08	0.874391	0	0	0
chr11:66496088-66496588	32.92	2.46537	0	0	0
chr11:67038713-67039213	24.92	0	0	2.71884	0.489363
chr11:6776526-6777026	14.24	0	0	0.848725	0.011102
chr11:67807965-67808465	6	0.801904	0	0	0.00889459
chr11:68080859-68081359	8.28	1.45609	0	1.77371	0.0744769
chr11:68615836-68616336	2	0	0	7.39618	0
chr11:68639607-68640107	2.68	0	0	0	0
chr1:169863256-169863756	8.92	1.71364	0	0	0.233162
chr1:17053213-17053713	48.72	1.55609	0	1.26651	0
chr1:170630863-170631363	24.76	0.648229	0.330996	2.44461	0
chr11:71159055-71159555	4	0	0	0.743304	0
chr11:71935995-71936495	5.92	0	0	2.49625	0
chr11:71951313-71951813	52.68	0	0	0.944958	0
chr1:172322688-172323188	23.68	0	0	0	0
chr11:72352863-72353363	24.92	0	0	0	0
chr11:74204192-74204692	10	0	0	0	0
chr11:75141538-75142038	24.48	0	0	1.67435	0
chr1:175243519-175244019	12.72	0	0	0	0
chr11:75379263-75379763	45.44	0	0	0.808803	0.00786652
chr11:7540090-7540590	7.84	5.61705	0	0.652835	0.0209791
chr1:178693338-178693838	32.96	0	0	0	0
chr1:180203538-180204038	50.08	1.3909	0	0	0.0151516
chr1:180208088-180208588	28.8	0	0	0.503275	0
chr11:8041488-8041988	52.52	0.933865	0	1.84542	0
chr1:181060363-181060863	18.16	0.561655	0	0	0
chr11:8240811-8241311	9	0	0	0.988257	0.00956943
chr11:82429288-82429788	17.4	0.558637	0	0.755102	0
chr1:182858169-182858669	10.4	0	0	0	0.0579252
chr11:830091-830591	18.32	1.63154	0	0	0.00675285
chr1:183163933-183164433	18.44	1.6238	0	1.30428	0.156173
chr1:183196913-183197413	24.96	0	0	0	0.00884961
chr1:184006713-184007213	41.52	0	0	2.99934	0.254094
chr1:184020138-184020638	24.2	0.554574	0	0.909017	0
chr11:844684-845184	6.92	0.918979	0	0	0.233162
chr11:85405338-85405838	21.04	0.928805	0	1.49978	0
chr11:85521313-85521813	23.68	1.56523	0	1.45257	0
chr11:859627-860127	3	0	0	1.91747	0
chr11:910326-910826	6	1.52787	0	3.7662	0
chr1:192541163-192541663	18.96	0.581274	0	0.711539	0
chr1:193030065-193030565	18	0	0	0.502459	0
chr11:93863067-93863567	10.88	0.991605	0	0.512045	0
chr11:94975279-94975779	18	0	0	1.52301	0
chr11:96074311-96074811	12.8	0.577145	0	1.94263	0.0222476
chr11:9665273-9665773	9.32	0	0	0	0
chr1:197872088-197872588	28.56	1.47303	0	5.12989	0
chr1:197882988-197883488	43.88	1.82896	0	0	0.0588239
chr1:197885638-197886138	55.68	0.925845	0	0	0
chr1:200596738-200597238	26.28	0.983385	0	0.664671	0
chr1:200831297-200831797	8.76	0.773648	0	0	0.0315496
chr1:201507713-201508213	36.64	3.10533	0	1.34097	0.0177354
chr1:201508563-201509063	47.52	0	0	1.93145	0.0514431
chr1:201979380-201979880	8.44	0	0	0	0.00889459
chr1:203309163-203309663	40.52	0.988215	0	0.53031	0.011102
chr1:205181138-205181638	26.04	2.32241	0	1.51133	0.0576926
chr1:205198619-205199119	17.8	1.88054	0	0	0.0153028
chr1:205202019-205202519	13	0.977913	1.43822	1.68984	0.234376
chr1:205289938-205290438	39.28	0	0	1.47542	0
chr1:205313913-205314413	24.36	0	0	4.36381	0
chr1:205425038-205425538	40.96	2.60638	0	2.48549	0
chr1:205601738-205602238	21.36	0	0	1.69094	0.00889459
chr1:206804304-206804804	15.28	0	0	0	0.00738557
chr1:206858434-206858934	3	0	0	0	0
chr1:207606781-207607281	14	0	0	1.77691	0
chr1:208085163-208085663	16.32	2.48435	0	0.703355	0.00680805
chr1:20811413-20811913	21.8	0	0	0.568452	0
chr1:20812338-20812838	40.16	11.2394	0	0	0
chr1:209847763-209848263	19.76	2.96696	0	2.00732	0
chr12:103342593-103343093	15.72	0	0	1.40839	0
chr12:103355413-103355913	33.08	1.32118	0	0.995246	0
chr1:210425513-210426013	28.16	0	0	0	0.0590823
chr12:10473286-10473786	22.2	0	0	1.89497	0.034483
chr12:104808398-104808898	13.88	0	0	0	0.0355811
chr12:106975197-106975697	6.12	1.84432	0	0.598856	0.011102
chr12:107167681-107168181	11	0.721996	0	0	0
chr12:108169713-108170213	26.28	0.950806	0.325765	1.54773	0
chr12:109491516-109492016	11.76	0.90661	0	0	0
chr12:109748213-109748713	33.44	0.939724	0	0.900168	0.0190549
chr12:111332106-111332606	10.84	0.883836	0	0.743719	0
chr12:113486367-113486867	14	2.64351	0.485057	3.59492	0
chr12:113608637-113609137	7.96	2.63467	0	0.592	0
chr12:113917213-113917713	21	0	0.345144	1.47654	0
chr12:115105938-115106438	22.76	3.91459	0	0	0
chr12:116715253-116715753	3	4.08706	0	0	0
chr12:121613218-121613718	6	0.765049	0	0	0
chr12:122027774-122028274	3.56	0.995241	0	0.875204	0.0684272
chr12:122226978-122227478	6.44	0	0	0.731567	0.022478
chr12:122688438-122688938	20	0	0	0.770972	0
chr12:125549624-125550124	16.6	0.708147	0	0.464868	0
chr12:125672213-125672713	45.8	0.958378	0	1.3532	0
chr1:212779738-212780238	29.56	0.988899	0	1.81132	0
chr12:13069288-13069788	34.44	0.978056	0	1.8569	0
chr1:214155063-214155563	19.12	0	0.973361	0	0
chr1:214435013-214435513	26.68	0	0	1.24522	0
chr12:15142702-15143202	21.4	0	0	2.10071	0.0427353
chr12:1722935-1723435	13	0	0	0.969286	0
chr1:21835838-21836338	26.36	1.42264	0	0	0
chr1:220700988-220701488	34	4.90538	0.425481	2.72914	0.0106444
chr12:2162263-2162763	55.96	0.982175	0	0	0
chr1:22353389-22353889	11.16	0.97869	0	0	0
chr12:25157345-25157845	10.12	0	0	0.813187	0.0264552
chr12:25348258-25348758	8.8	0	0	1.50815	0.153391
chr12:25541102-25541602	16	0	0	1.29239	0.0155212
chr1:225619737-225620237	6.36	0	0	0.473853	0
chr1:225668463-225668963	29.2	0.981436	0	0.997075	0.0967747
chr1:225841288-225841788	27.32	2.33309	0	0	0.0370267
chr12:26274588-26275088	31.24	0.905992	0	1.41278	0
chr12:26276213-26276713	60.72	0.911617	0	0	0.0427353
chr12:26277438-26277938	79.68	0.983677	0	2.69378	0.0151516
chr12:27932960-27933460	3.44	0.986248	0	0	0
chr12:28128938-28129438	36.4	0	0	0.787804	0.00947573
chr1:228193963-228194463	17.8	0	0	0	0
chr1:228566438-228566938	17.2	0.960248	0	1.54086	0
chr1:229478530-229479030	10	0.985147	0	0	0.00917437
chr1:229504063-229504563	18.92	0	0.380063	0.952085	0.0226957
chr1:229760943-229761443	6.64	0	0	0.951449	0.0288083
chr1:231002913-231003413	23.56	0	0	0	0
chr1:23544188-23544688	45.72	1.83171	0	0	0
chr1:235814188-235814688	22.92	0	0	1.49142	0
chr1:23809738-23810238	25.36	1.88163	0	2.32683	0
chr1:24164881-24165381	7	0.819366	0	2.47786	0
chr1:24397513-24398013	20.56	0.998217	0	0	0
chr12:4432495-4432995	14.24	0	0	0	0.011102
chr1:245316613-245317113	26.52	2.3491	0	0	0
chr1:245318363-245318863	43.72	3.6912	0	0.552239	0.0443884
chr1:24671326-24671826	3	0.573339	0	0.529877	0
chr12:46776263-46776763	19.64	0	0	1.47184	0
chr12:46777642-46778142	5	0	0	3.25422	0
chr12:47474288-47474788	31.2	5.63674	0	1.33173	0
chr1:247524227-247524727	10.32	1.93189	0	0	0
chr1:247611243-247611743	4	1.79721	0	0.556275	0
chr1:248021038-248021538	24.52	0	0	1.53694	0.0156161
chr1:24829938-24830438	29.4	0.986268	0	1.55758	0.011102
chr12:48397488-48397988	63.88	0.967008	0	0.877164	0
chr1:24883662-24884162	9.44	0.879659	0.883834	5.94467	0
chr12:49183663-49184163	20.84	1.82012	0	0.634689	0
chr12:49372413-49372913	34.4	1.57323	0	0.801569	0.0247001
chr12:49485963-49486463	26.48	4.38886	0	0.823801	0.112541
chr12:49736813-49737313	37.12	0	0	3.4376	0.00937087
chr12:49739313-49739813	42.84	0	0	0	0
chr12:49931113-49931613	45.08	1.81599	0.790035	1.74221	0.0106444
chr12:50221888-50222388	5	3.43218	0	0	0
chr12:51662988-51663488	32.52	0.974766	0	0	0
chr12:52240788-52241288	20.8	0	0	0	0.00972493
chr12:52399938-52400438	34.16	1.93976	0	0	0
chr12:52419352-52419852	15.2	0.620783	0	0	0.0582564
chr12:52445034-52445534	9.72	0	0	0	0
chr12:53614188-53614688	21.96	2.8407	0	2.60239	0
chr12:54089513-54090013	58.6	0	0	0	0.0151516
chr12:54133263-54133763	40.56	0	0	0	0
chr12:54134313-54134813	33	0.924732	0	8.75044	0.0254
chr12:54320888-54321388	43.88	1.59547	0	1.68142	0
chr12:54339038-54339538	24.68	1.5346	0	0	0
chr12:54345763-54346263	47.4	0.6374	0	1.607	0.115287
chr12:54353788-54354288	44.96	0	0	2.84597	0
chr12:54358088-54358588	48.92	3.61033	0	0.463499	0
chr12:54360588-54361088	49.2	1.68673	0	0	0
chr12:54377538-54378038	44.36	0.692309	0	0.779168	0.0142722
chr12:54379888-54380388	32.72	0.861275	0	1.88269	0.524124
chr12:54382838-54383338	29.6	3.10347	0	1.49373	0.0204083
chr12:54388663-54389163	57.72	1.78457	0	2.41304	0.192749
chr12:54398163-54398663	44.4	1.84168	0	0	0
chr12:54403088-54403588	84.76	1.66002	0	0.635193	0
chr12:54408588-54409088	56.44	2.55398	0	0.678068	0
chr12:54410413-54410913	29.92	2.96525	0	0.619225	0.0902097
chr12:54422363-54422863	33.16	0	0	1.35387	0.00770421
chr12:54423563-54424063	44.04	3.84005	0	1.35402	0
chr12:54427938-54428438	51.36	1.68485	0	0.878628	0.00742695
chr12:54433851-54434351	27.28	1.67224	0	1.3009	0
chr12:54520388-54520888	30.32	3.60566	0	1.40757	0.0067568
chr12:54601512-54602012	21.28	0.876466	0	3.57935	0.0145295
chr12:54695263-54695763	16.52	4.69904	0	1.42353	0
chr12:54696288-54696788	19	0	0	1.66428	0.0106444
chr12:54811413-54811913	36.32	2.50479	0	0.985995	0
chr1:25519874-25520374	3	1.74317	0	11.4205	0
chr1:25594260-25594760	9.52	0	0	0.573836	0.0750004
chr12:56438910-56439410	5.96	0	0	0	0.0112043
chr12:56915289-56915789	9.28	6.64492	0	0.813187	0.00972493
chr12:57610963-57611463	32.04	2.47659	0	5.31602	0.017544
chr12:57614663-57615163	36.48	3.73446	0	0	0.0106444
chr12:57618188-57618688	19.28	0.973645	0	0.834695	0
chr12:57939938-57940438	16.84	2.64632	0	0.747716	0
chr12:58159313-58159813	39.64	2.42939	0	0.943276	0
chr12:58240313-58240813	5.08	0.783507	0	0.7571	0
chr1:25848652-25849152	4	0.858255	0	0.945012	0
chr1:26097538-26098038	18.92	1.73409	0	0.813187	0.0106444
chr12:64238863-64239363	21.36	0	0	0.879335	0
chr12:65062896-65063396	9.48	1.62239	0	1.39675	0.0106444
chr12:65063022-65063522	12.24	1.62239	0	0.451536	0.0366817
chr12:66217188-66217688	31	0.81171	0	5.47353	0.00916902
chr12:66697276-66697776	11.84	0.995862	0	0	0.00786652
chr12:6721365-6721865	10.28	1.65647	0	1.39349	0.0253809
chr12:6937938-6938438	37.08	0	0	0	0
chr12:7032119-7032619	7.04	1.63382	0	1.7105	0
chr12:718029-718529	3	0	0	6.56959	0
chr12:73067615-73068115	11	0.981245	0	0.798561	0
chr12:75920340-75920840	11	0.996597	0	0.931293	0.0149751
chr12:76375470-76375970	13.24	2.61853	0	0	0.0551184
chr1:27686387-27686887	13.76	2.6245	0	1.92432	0.0100815
chr12:77271888-77272388	27.72	0	0	0	0
chr12:8171213-8171713	33.32	0.57232	0	0.829616	0.0807458
chr1:28216816-28217316	21.44	0.821986	0	0	0
chr1:28525938-28526438	21.68	1.85409	0	0.813187	0.00738557
chr12:8797306-8797806	44.52	0	0	1.1584	0.232381
chr1:29070622-29071122	21.28	0.558442	0	0.592	0.14124
chr12:92861573-92862073	9.04	1.40146	0	0	0.00861249
chr12:93204022-93204522	10.72	0	0	1.76615	0
chr1:29507776-29508276	7	1.4635	0	0	0
chr1:29563238-29563738	60.76	0	0	11.5825	0.0264303
chr12:96185063-96185563	69.76	0.56444	0	1.31856	0
chr12:9913538-9914038	17.56	0	0	0.815126	0
chr13:100081892-100082392	11.68	0	0	1.04582	0
chr13:100568701-100569201	15.64	0.990796	0	0.84485	0
chr13:100610388-100610888	44.88	0	0	0.685186	0.0248758
chr13:100624913-100625413	21.32	0	0	0	0
chr13:100636613-100637113	36.04	0	0	0.765518	0.0611693
chr13:100642013-100642513	27.6	0	0.960047	2.28249	0
chr13:100647913-100648413	54.72	0	0	1.26897	0.00680805
chr13:103720649-103721149	5.24	0.570429	0	0	0.0322899
chr13:107184438-107184938	39.88	0	0	0	0
chr13:107185638-107186138	45.16	0	0	0.512662	0
chr13:108922306-108922806	12.16	0	0	0.521127	0
chr13:111127852-111128352	6	0	0	0.99669	0
chr13:111567315-111567815	3	0	0	0	0
chr13:111567731-111568231	8	0	0	0.854236	0
chr13:113808046-113808546	12.4	5.03296	0	0	0
chr13:114100303-114100803	6.8	0.986273	0	0	0
chr13:114246817-114247317	4	1.82792	0	3.9772	0.0788215
chr13:114462413-114462913	35.08	3.82271	0	1.22326	0
chr13:114567138-114567638	31.56	0.890801	0	0.997469	0.0735934
chr1:31276338-31276838	22.56	0.969522	0	1.27594	0.023375
chr13:21517666-21518166	12	0	0	0	0.321203
chr1:32227388-32227888	25	2.9576	0	2.37827	0
chr13:24473574-24474074	9.36	0	0	1.84457	0
chr13:28364063-28364563	30.04	0	0	1.76875	0.202313
chr13:28365663-28366163	30.12	1.54784	0	0	0
chr13:28498988-28499488	35.6	4.02803	0	1.57652	0
chr13:28553788-28554288	32.48	0	0	0.968685	0.0145295
chr13:28673588-28674088	32.84	0.886863	0	0.959531	0.00916902
chr13:29069888-29070388	30.68	0	0	0	0.088527
chr13:29113743-29114243	21.08	0	0	3.50704	0.0303032
chr1:33219038-33219538	15.56	0	0	1.43309	0
chr1:33219963-33220463	30.96	1.59097	0	10.1587	0.0166677
chr13:32890015-32890515	15.04	0.923122	0	0.482609	0
chr1:33419708-33420208	6	0	0	2.29075	0.0748691
chr1:33437913-33438413	23.12	1.00586	0	1.62334	0
chr1:33764210-33764710	9.92	0	0	1.90336	0.0315496
chr1:33833317-33833817	11.52	0.997944	0	0	0.0194442
chr13:43571456-43571956	14.24	0	0	1.411	0.00903922
chr13:49549718-49550218	8.84	0	0	1.61014	0.0275478
chr1:35175083-35175583	11	2.61329	0	0	0
chr13:52584538-52585038	26.36	0.979162	0	1.82136	0
chr1:3566125-3566625	5.16	0	0	0	0
chr1:35667663-35668163	11.28	1.70734	0	2.01961	0.0103093
chr1:36234937-36235437	4.48	0	0	0	0
chr1:36770053-36770553	4.76	0.6387	0	0	0
chr13:77477613-77478113	26.08	0	0	1.25335	0
chr13:79169738-79170238	35.2	0.873007	0	0	0
chr13:79177888-79178388	33.44	0	0	3.82151	0
chr13:79182288-79182788	48.2	0	0	0	0.0145295
chr1:38099388-38099888	33.72	1.89154	0	0.896651	0
chr1:3817673-3818173	5.12	0	0.786065	2.16552	0.0317574
chr1:3838734-3839234	8.56	0	0	0.554379	0.0127971
chr1:38511138-38511638	45.76	0	0	0.610449	0
chr13:92050505-92051005	14.76	1.52111	0	0	0
chr1:39269288-39269788	26.6	2.30095	0	0.685186	0
chr1:39324569-39325069	10.56	0.933569	0	0.652835	0
chr13:96039473-96039973	14	0.830414	0	3.48638	0
chr13:99773638-99774138	20.56	0	0	0	0
chr13:99881463-99881963	23.04	0	0	0.998892	0
chr1:40504837-40505337	15.44	0	0	0	0
chr14:100094346-100094846	6.88	0.976357	0	0.899213	0.139293
chr14:100439113-100439613	26.16	0	0	1.45482	0
chr14:102241128-102241628	5.72	0	0	1.64303	0.131473
chr14:102552689-102553189	7.36	0	0	0.526239	0.224139
chr14:102561770-102562270	8	0.680795	0	0.936998	0
chr14:102646949-102647449	6.28	0	0	1.38693	0.0259293
chr14:103389413-103389913	33.08	0.899267	0	0	0
chr14:104092428-104092928	8	0.981339	0	0	0.0112043
chr14:105133314-105133814	7.36	0.967232	0	1.93943	0.00937087
chr14:105537087-105537587	8.2	0	0	0.566327	0.00937087
chr1:41057793-41058293	8	0	0	1.24858	0.00889459
chr14:106015159-106015659	5.6	0	0	2.1058	0
chr1:41315913-41316413	22.32	2.80147	0	0	0
chr1:41991799-41992299	1	1.5793	0.322435	16.7459	0
chr14:20881877-20882377	13.16	1.77347	0	0	0
chr14:20959645-20960145	19.32	0	0	0	0.0117648
chr14:21482888-21483388	23.64	0	0	3.55715	0.023234
chr14:21537588-21538088	35.4	1.86197	0	0.881858	0
chr14:23052191-23052691	15.16	1.63419	0	0.512662	0.156173
chr14:23341888-23342388	19.76	2.28382	0	0	0.0147644
chr14:23452163-23452663	24.16	6.45667	0	1.50344	0.0264552
chr14:23478024-23478524	15.24	0.677837	0	0.552239	0.0272859
chr14:24766163-24766663	27.72	0	0	0.970384	0.103679
chr14:24803288-24803788	27.48	1.74807	0	2.54395	0.0503758
chr14:24836882-24837382	16.76	2.75895	0	0	0
chr14:25519463-25519963	21.76	0.992477	0	0	0.00824997
chr14:29226213-29226713	32.4	0.992074	0	1.21838	0
chr14:36983313-36983813	33.96	0	0	0.635193	0
chr14:37125713-37126213	18.04	0	0	0.770588	0.12139
chr1:44119486-44119986	14.2	0	0	0	0
chr14:45614307-45614807	13.64	0.978222	0	0	0.0204083
chr14:45718937-45719437	13.52	0	0	1.08043	0.0275478
chr14:50234930-50235430	8	1.43834	0	1.40551	0.00778914
chr14:51411563-51412063	21.52	0.99641	0	2.27803	0
chr14:52780188-52780688	27.28	1.77977	0	1.58644	0.0117648
chr14:52782713-52783213	23.32	0	0	0.885353	0.0788215
chr1:45484227-45484727	10.92	0	0	1.82363	0
chr14:55016537-55017037	8.36	0.653372	0	1.26913	0.00884961
chr14:55538581-55539081	15.88	0	0	0.941789	0
chr14:57279738-57280238	35.2	2.56339	0	0.721587	0
chr14:60385488-60385988	19.12	0	0	0	0
chr14:61190988-61191488	23.8	1.65391	0	0.496645	0
chr14:65016038-65016538	26	0.761295	0	1.65629	0
chr14:65169438-65169938	26.72	0.576845	0	1.945	0.100455
chr14:65170388-65170888	56.72	0.977013	0	0.491695	0.0181254
chr14:65172963-65173463	19.12	0	0	0	0.0390401
chr1:46912588-46913088	74.36	1.57112	0	0	0.0769235
chr1:46957238-46957738	46.2	0	0	0.959768	0.011102
chr1:46958838-46959338	26.12	0	0	0.945119	0.202313
chr14:69725788-69726288	30.56	0.956692	0	0.909722	0
chr14:70010288-70010788	8.68	0	0	1.69816	0
chr14:70078988-70079488	19.32	0.732904	0	0.722165	0.00956943
chr14:70192538-70193038	16.64	1.92058	0	0	0
chr14:71351055-71351555	8.32	0.980892	0	0.691756	0.0458827
chr14:71353972-71354472	19.72	0.578936	0	0.523287	0
chr14:71605625-71606125	14.28	0	0	3.84494	0.00700121
chr14:73705263-73705763	54.76	0.810452	0	0.98954	0
chr14:73712608-73713108	11.76	0	0	0	0
chr14:74708263-74708763	63.68	0.852492	0.964154	1.59374	0
chr14:74724363-74724863	25	0.908786	0	0	0.00742695
chr14:75625852-75626352	9.04	0.968073	0	0	0
chr14:75744538-75745038	40.4	1.39338	0	1.7337	0
chr14:75986378-75986878	10.08	0.745007	0	0	0
chr14:75986408-75986908	14.04	0.745007	0	0	0
chr1:47658489-47658989	19.12	2.46245	0	0	0
chr1:47695938-47696438	90.36	2.61377	0	2.16704	0
chr14:77624672-77625172	10.64	1.85923	0.725044	9.39342	0.111589
chr1:47910088-47910588	47.48	0	0	2.64099	0.104478
chr14:81901588-81902088	32	1.89902	0	4.43711	0.00884961
chr1:48204146-48204646	9.2	2.91364	0	3.51937	0.0275478
chr14:89020438-89020938	64.08	0	0	2.2968	0.00938634
chr14:89290816-89291316	10	0.719044	0	0	0.0165497
chr14:90528963-90529463	41	0	0	0	0
chr14:91526101-91526601	4.92	0.817244	0	0.948336	0
chr14:91882162-91882662	25.6	0.619489	0	2.82347	0.0190549
chr14:93365026-93365526	8.28	0.870137	0	1.52664	0.0495052
chr14:96134520-96135020	9.92	0.950441	0	1.99469	0.00778168
chr14:96165692-96166192	14	0.714782	0	0.743304	0.034483
chr1:50834049-50834549	11	2.84873	0	0.921587	0.0967747
chr1:50887313-50887813	45.72	0.878562	0	0.776903	0
chr1:50896513-50897013	27	0.576389	0	6.00215	0
chr15:100044924-100045424	19.68	0	0	0.545917	0.240857
chr15:101420363-101420863	23.76	0	0	0	0
chr1:51991802-51992302	9.04	0.991616	0	1.2908	0
chr1:52035969-52036469	18.8	0	0	0.491695	0.0128633
chr15:31495177-31495677	9.24	1.62258	0	1.17519	0
chr15:33584838-33585338	20.24	0	0	1.44832	0
chr15:34657524-34658024	9	3.29381	0	0	0
chr15:34662116-34662616	10.48	2.34444	0	1.53836	0
chr1:53639172-53639672	5	5.23303	0	8.24916	0
chr15:37175388-37175888	27.92	0.895379	0	1.99959	0
chr15:37393702-37394202	10.04	1.87006	0	0	0.0106765
chr15:38963130-38963630	12	0	0	0	0
chr15:39846130-39846630	10.4	0.835597	0	0.635193	0.0195553
chr15:40211138-40211638	33.76	0	0	2.39676	0
chr15:40211363-40211863	33.76	0	0	2.39676	0
chr15:40530837-40531337	13.92	2.85964	0	0.464868	0
chr15:40545113-40545613	21.4	1.79949	0	1.30627	0
chr15:40690707-40691207	23.76	0.978374	0	1.79379	0.0173798
chr15:40732113-40732613	18.72	2.84759	0	2.12819	0
chr15:41219288-41219788	38.92	0	0	0	0
chr15:41804438-41804938	33.76	0	0	0	0
chr15:44037846-44038346	5	0.98481	0.574946	0.489719	0
chr1:54518587-54519087	9	0	0	0	0
chr15:45405588-45406088	42.16	1.92968	0	0.536664	0
chr15:49164827-49165327	17.76	0	0	1.49546	0.238671
chr15:50682663-50683163	14.72	1.5764	0	3.13096	0.0721007
chr15:52028972-52029472	8.48	0	0	0.701545	0
chr15:52374911-52375411	11.96	0.924304	0	0.758111	0.441364
chr15:53087763-53088263	32.64	1.80479	0	0.598856	0
chr15:53092063-53092563	20.72	0	0	1.17114	0
chr15:53096738-53097238	42.84	2.57464	0	1.87736	0
chr15:55513563-55514063	13.32	0.954991	0	0.902511	0.00916902
chr15:56091928-56092428	16.68	0.953207	0	0	0.0145295
chr15:59642235-59642735	8.36	0.976043	0	1.38636	0
chr15:62359338-62359838	43.08	0.796534	0	0	0
chr15:62942538-62943038	17.16	0.796809	0	0.743719	0
chr15:63480694-63481194	13.16	0.768309	0	1.65033	0
chr15:63775978-63776478	10.04	0	0	0.972417	0.0588239
chr15:64134142-64134642	10.6	0	0	1.56471	0
chr15:65668338-65668838	27.48	0.938946	0	2.72911	0
chr15:66194663-66195163	6.6	1.36661	0	0.718705	0
chr15:66545063-66545563	66.96	1.65234	0	0	0
chr15:66996538-66997038	45.64	0	0	1.5307	0
chr15:67343090-67343590	18.2	0.896394	0	3.32006	0.432434
chr15:67403286-67403786	20.24	0	0	0.951429	0.00709224
chr15:68116938-68117438	35.44	0	0	0.981851	0.0928638
chr15:68125563-68126063	46	3.20083	0	0	0
chr15:68870288-68870788	63.08	0.635283	0	0.997134	0.303032
chr15:69441488-69441988	20.64	0.942445	0	1.41139	0
chr15:70393113-70393613	30.8	0.772207	0	0.642786	0.0159575
chr15:70405654-70406154	8.44	0	0	1.253	0
chr15:72929132-72929632	11.88	0.572972	0	0.975536	0
chr15:74219388-74219888	28.84	0	0	0	0.0432754
chr15:74258083-74258583	23.96	0	0	0.736782	0.226825
chr15:74289223-74289723	8.76	0	0	0.482609	0.0812504
chr15:74422888-74423388	39.04	0	0	3.71848	0
chr15:74424313-74424813	24.6	0	0	7.46407	0
chr15:74700559-74701059	14.08	3.15626	0	0	0
chr15:75251188-75251688	46.64	1.64558	0	0	0
chr15:75357687-75358187	13.16	0.643028	0	0	0
chr15:75639454-75639954	25.24	0	0	0.463499	0.0134796
chr15:76016030-76016530	9.04	0.57026	0	0	0
chr15:76629388-76629888	45.72	0.579556	0.863936	3.78838	0.0145295
chr15:78632688-78633188	22.8	0	0	0.668849	0
chr15:78799344-78799844	8.68	0	0	0	0
chr15:80732324-80732824	9.92	0	0	1.76042	0.0575586
chr15:81292851-81293351	6.36	1.7679	0	1.25621	0
chr15:81558141-81558641	29	0.741904	0	0.755102	0
chr15:81558288-81558788	29	0	0	0.755102	0
chr15:82338822-82339322	14.72	0	0	0.842707	0.0288083
chr15:83653838-83654338	23.76	2.03015	0	0	0
chr15:85141463-85141963	15.36	2.50778	0	0.743304	0.308793
chr15:86261481-86261981	14.32	0	0	0	0
chr15:88972638-88973138	25.88	0	0	3.49534	0.240337
chr15:89148805-89149305	26.64	0	0	0	0
chr15:89903863-89904363	24.6	2.51272	0	3.50746	0.0355387
chr15:89949788-89950288	41.44	0.825926	0	0	0
chr15:91208028-91208528	7	0	0	0	0.0111359
chr15:91530269-91530769	12.8	0.936543	0.876064	0.685186	0
chr15:93375816-93376316	11	0.959261	0.407264	0	0.0732827
chr15:96862938-96863438	25.04	0	0	0.85676	0.00889459
chr15:96908013-96908513	20.84	0	0	0.952085	0
chr15:96953838-96954338	26.72	1.92572	0	0.902439	0
chr1:6054724-6055224	10.16	0	0	1.95025	0
chr16:10320461-10320961	10	0	0	1.38392	0
chr16:103341-103841	8	0.795495	0	0	0
chr16:11318502-11319002	17.48	1.92467	0	4.07654	0
chr16:122838-123338	36.92	1.75629	0	5.84028	0
chr16:12674502-12675002	11	0	0	0	0
chr16:12711304-12711804	10	1.67887	0	0.571184	0
chr16:15068479-15068979	20.48	0	0	0	0
chr16:1777083-1777583	4	0	0	10.8609	0
chr16:1829579-1830079	3	1.61702	0	0	0.0999553
chr16:2033038-2033538	33.04	0.927138	0	0.84058	0
chr16:2077413-2077913	34.24	0	0	9.61521	0
chr16:21295363-21295863	26.88	0.926015	0	0.89297	0
chr16:21369485-21369985	18.84	0	0	1.54436	0.119337
chr16:215513-216013	43.04	0.70145	0	0.569836	0
chr16:21601563-21602063	19.12	0	0	0.496645	0.0740327
chr16:22366684-22367184	12.48	0.836562	0	0.743719	0
chr16:23159640-23160140	11.72	0.773668	0	0.973537	0
chr16:23837936-23838436	17	0	0	1.48671	0
chr16:25031457-25031957	17.28	3.95122	0	1.56677	0.0101774
chr1:6269214-6269714	9.84	0.570387	0	0	0
chr16:27463647-27464147	12.68	1.75658	0	0	0.0159575
chr16:29759998-29760498	4.44	0	0	1.29037	0
chr1:6301338-6301838	47.64	0.98982	0	0.50685	0
chr16:30346279-30346779	3	2.3245	0	0.884843	0.0127327
chr16:30572828-30573328	7.56	1.59078	0	0.484599	0.0155212
chr16:3087013-3087513	31.32	0	0	0	0.0750004
chr16:31208971-31209471	8.36	0.998263	0	0	0.0238686
chr16:33293627-33294127	5.76	0	0	0.556275	0
chr1:63793013-63793513	48.72	0	0	0.848725	0.00738557
chr1:64239088-64239588	32.28	0.997455	0	1.09885	0.298579
chr1:64637355-64637855	13.8	0	0	0.940014	0
chr16:47008120-47008620	14.6	0	0	0	0
chr1:6484213-6484713	27.6	0.981678	0	1.90215	0
chr1:64935688-64936188	21.44	1.70927	0	0.981421	0
chr16:50279488-50279988	10.4	0	0	1.30317	0
chr1:65468888-65469388	35.68	0	0	0.509558	0
chr16:54961538-54962038	25.48	1.53241	0	0.514505	0
chr16:56627355-56627855	10.88	1.7161	0	0	0.00738557
chr16:56702463-56702963	42.48	1.60067	0	0.967086	0
chr16:56894296-56894796	29.96	0.643624	0	1.30302	0.403388
chr16:57034481-57034981	12.16	0	0	1.59853	0
chr1:65730338-65730838	26.8	1.82326	0	1.18325	0
chr16:57382088-57382588	18.88	0	0	1.22998	0
chr16:57420455-57420955	8	1.83021	0	3.32974	0
chr16:57509448-57509948	6	5.97498	0	0	0
chr16:57728446-57728946	8	1.83253	0.635686	1.92419	0
chr16:57791029-57791529	4	0.765803	0	0	0.0691972
chr16:66460488-66460988	24.68	0.666096	0	1.70995	0
chr16:66517560-66518060	11.8	0.829196	0	0	0
chr16:66573479-66573979	16.4	1.88838	0	0.9099	0
chr16:66612538-66613038	31.92	0	0	0	0.0536185
chr16:66729288-66729788	28.56	0.924641	0	2.76116	0.176344
chr16:66785838-66786338	22.68	0.925266	0	0.592	0.0260373
chr16:67211966-67212466	7.12	0.80046	0	1.45853	0
chr16:67427863-67428363	27.8	1.69764	0	0	0
chr16:67515238-67515738	28.28	0.720641	0	0	0.00778168
chr16:68773850-68774350	10.16	0	0	0.88337	0.0334271
chr16:69166293-69166793	2.84	1.78857	0	0	0
chr16:69379764-69380264	10.6	0	0	2.63167	0.226825
chr16:69470135-69470635	13.4	0	0	0	0
chr16:70441868-70442368	16.24	1.72794	0	0.913815	0.0819677
chr16:71600006-71600506	10.88	1.83575	0	0.818459	0
chr16:72777239-72777739	7	0	0	2.04748	0.133629
chr16:75213098-75213598	10.24	0	0	1.36974	0.0307979
chr16:75322363-75322863	23.88	0	0	2.22466	0.0908172
chr16:75495388-75495888	22.08	0	0	0.627302	0
chr16:776818-777318	3	0	0	0	0.113123
chr16:83933018-83933518	6.88	0.573979	0	0.969614	0
chr16:85616167-85616667	4	0	0	0.825847	0.0317723
chr16:857680-858180	8.68	0	0	0.583787	0
chr16:85978648-85979148	14.36	1.20199	0	0.536664	0
chr16:87417393-87417893	9.92	0	0	0	0
chr16:87441152-87441652	21.44	0	0	0.758111	0.0249984
chr16:87441788-87442288	18.32	0	0	0	0
chr16:88705963-88706463	33.68	0	0	0.870677	0.00754405
chr16:88851319-88851819	1.92	0.997771	0	0	0
chr16:89042625-89043125	3.92	0	0	0.824598	0
chr16:89044813-89045313	6.8	0	0	0.864634	0
chr16:89753654-89754154	5.84	0.616142	0	1.63652	0
chr16:89989088-89989588	29.96	0	0	0.771529	0.0241228
chr16:90014367-90014867	11.48	0.974449	0	1.40971	0.0408298
chr17:10154832-10155332	11.28	0.975603	0	0.737204	0
chr17:1162663-1163163	40.08	1.26835	0	0	0
chr17:12935074-12935574	7.88	1.78928	0.887695	0.848725	0
chr17:14289-14789	6.52	0.649814	0	2.07418	0.075925
chr17:16789820-16790320	8	1.2927	0	0.60521	0.233162
chr17:17399163-17399663	33.36	1.8016	0	0	0
chr17:26135565-26136065	10	0	0	0	0
chr17:2614387-2614887	3	0	0	0.526239	0
chr17:266593-267093	22.92	1.9798	0	2.70603	0.225807
chr17:27192903-27193403	10.16	0.994159	0	3.61714	0.0275478
chr17:27252907-27253407	20.88	0	0	0.833254	0.507572
chr17:27949301-27949801	5.36	0	0	0.454469	0
chr17:28705126-28705626	10.56	0	0	1.87961	0
chr17:29634662-29635162	14.88	0	0	0	0
chr17:30463734-30464234	10.56	0.909584	0	0.793067	0.00889459
chr17:30592088-30592588	41.72	0	0	0	0.0536155
chr17:30593913-30594413	43.84	1.64643	0.760702	3.2555	0.109507
chr17:31255763-31256263	46.6	0	0	24.0879	0
chr17:33414996-33415496	10.68	0	0.358461	0.743719	0.0385266
chr17:33416713-33417213	21.88	0.694747	0	1.93392	0.421876
chr17:33569903-33570403	10.52	0	0	0	0.0156161
chr17:33815286-33815786	18.32	1.81337	0	0	0
chr17:34121788-34122288	24.76	0.687796	0	2.40931	0
chr17:34223273-34223773	15.96	0	0	2.40839	0.323703
chr17:34445883-34446383	8	0	0	0.637197	0.0264552
chr17:34900717-34901217	8	2.15105	0	0	0
chr17:34906660-34907160	16.16	0.962742	0	0.652835	0
chr17:35296288-35296788	60.4	0	0	2.7984	0.0608059
chr17:35754522-35755022	16	1.86476	0	0	0
chr17:36715085-36715585	18.08	0.925833	0	0.764487	0
chr17:36716063-36716563	19.28	1.79865	0	0	0
chr17:37558191-37558691	4.4	2.68612	0	1.27698	0
chr17:37649917-37650417	3	0	0	0.826638	0
chr17:37755838-37756338	39.96	2.74909	0	1.59113	0
chr17:37762088-37762588	45.64	0.572972	0	0	0
chr17:38024074-38024574	10.56	0.965023	0	0	0
chr17:38439903-38440403	11.96	1.63162	0	2.85849	0.0847006
chr17:38527487-38527987	6.64	2.2454	0	0	0.0151516
chr17:38978608-38979108	15.88	1.35864	0	0.590615	0
chr17:39992495-39992995	6.92	0	0	0	0
chr17:40574888-40575388	28.6	0.956611	0	0	0
chr17:40664764-40665264	8.4	0.9218	0	1.8134	0.00884961
chr17:40738736-40739236	11.08	1.58322	0	0	0
chr17:41364630-41365130	11.6	0.90453	0	0.724857	0
chr17:41623650-41624150	6.4	0.972898	0	1.40182	0
chr17:41856688-41857188	22.64	0.958604	0	0.53031	0
chr17:41984938-41985438	43.24	1.74655	0	0.535296	0
chr17:42004963-42005463	22.12	0.642616	0	0.456985	0
chr17:42905738-42906238	29.92	0.91013	0	0.496645	0.0411283
chr17:42906488-42906988	87.16	0.643164	0	3.29127	0.0103093
chr17:43208738-43209238	18.6	0	0	2.56882	0
chr17:43656663-43657163	31.64	0	0	0	0
chr17:4464015-4464515	8.92	0	0	0.699119	0.0587704
chr17:4476882-4477382	6	1.93254	0	0.984598	0
chr17:44847713-44848213	22.52	0.586938	0	0.651093	0
chr17:44850238-44850738	25.04	0	0	0.464868	0.0275478
chr17:44896838-44897338	51	0.990327	0	0	0.0208523
chr17:45929838-45930338	45.12	0	0	2.86286	0
chr17:46101713-46102213	23.44	0.574402	0	0.798958	0
chr17:46114281-46114781	10.6	0	0	0.677827	0
chr17:46690488-46690988	45.2	3.7339	0	0	0
chr17:46695588-46696088	80.24	0.691545	0	0.798958	0
chr17:46719513-46720013	29.76	0	0	0	0
chr17:46796813-46797313	40.68	0.967011	0	0.459945	0
chr17:46802388-46802888	59.88	1.77607	0	2.19739	0
chr17:46827438-46827938	48.72	0.84123	0	0	0
chr17:46831213-46831713	46.6	1.97394	0	0	0
chr17:46894201-46894701	6	0	0	0.503275	0.111589
chr17:47073688-47074188	75.48	1.8921	0	0	0.0241228
chr17:47074938-47075438	35.44	0	0	0	0.0266053
chr17:47405706-47406206	12	0	0	0.743719	0.00786652
chr17:47574113-47574613	61.88	0.889811	0	0	0
chr17:47576413-47576913	28.4	0.724588	0	0	0
chr17:4802540-4803040	14	0	0	0.974977	0
chr17:48041538-48042038	29.24	2.9631	0	0.898786	0
chr17:48227228-48227728	3	0	0	0	0.0116145
chr17:48278388-48278888	28.08	1.70062	0	0.605189	0
chr17:48636388-48636888	28.16	1.69269	0	0.579757	0.0725161
chr17:48637744-48638244	16.32	0.975843	0	0.689589	0.0475927
chr17:48840428-48840928	12.84	0	0	1.56179	0
chr17:49336476-49336976	9	0.646406	0	1.24255	0
chr1:75214631-75215131	14.44	0	0	0.521127	0.0353001
chr17:53835026-53835526	6	0.864885	0	0	0.0239654
chr17:54670113-54670613	27.56	0	0.911132	4.30448	0
chr17:54674163-54674663	34.36	0	0	0	0.0103093
chr17:56072606-56073106	17.8	0	0	0.482609	0.0209791
chr17:56234563-56235063	26.12	0.66427	0	0	0.0177186
chr17:56834188-56834688	41.44	2.42923	0	0	0
chr17:57774256-57774756	11.44	0	0	1.18939	0
chr17:58228413-58228913	21.6	0.993054	0	0	0
chr17:58678486-58678986	18.56	0.874698	0	0.793067	0
chr17:59478563-59479063	25.56	2.42767	0	0.78034	0.104781
chr17:59487213-59487713	29.04	0.983961	0	0.661266	0.00956943
chr17:59530038-59530538	41.8	0	0	0.759695	0
chr1:76082613-76083113	31.68	1.66375	0	0.610449	0
chr17:62198394-62198894	15.36	0.996879	0	1.81299	0.0819677
chr17:62967921-62968421	5	0	0	0	0
chr17:6458813-6459313	41.4	0	0	0.573836	0.538457
chr17:64927051-64927551	9.84	0.753692	0	0.84936	0.00889459
chr17:65675696-65676196	14.96	1.76991	0	1.43258	0
chr17:65991213-65991713	36.88	0	0	0.77093	0
chr17:66284881-66285381	10.28	0	0	0	0.409481
chr17:66456810-66457310	10	0.781251	0	0	0.0576926
chr17:66595063-66595563	23.6	0.9491	0	0	0.00889459
chr17:67563236-67563736	8.28	0	0	1.49913	0
chr17:68166038-68166538	24.56	0.983143	0	1.69875	0.00938634
chr17:68204143-68204643	6	1.69997	0	0.860465	0.0220416
chr17:70000693-70001193	15.76	1.64579	0	2.76401	0
chr17:70113113-70113613	42.2	1.78349	0	1.32638	0
chr17:71162838-71163338	17.68	1.73755	0	0	0.175488
chr17:72462186-72462686	11	0.707061	0	0	0.0851525
chr17:72732725-72733225	14.04	0	0	0	0.0326799
chr17:72856713-72857213	31.68	1.68852	0	0	0
chr17:73841176-73841676	5.52	0	0	0.788645	0.0221436
chr17:74136563-74137063	25.92	1.7378	0	0.962869	0
chr17:74184313-74184813	13.16	0	0	1.23856	0.210128
chr17:74581138-74581638	36.04	0.878704	0	0	0.111589
chr17:7554263-7554763	36.6	1.40526	0	1.75792	0
chr17:76456179-76456679	9	0.99897	0	6.04318	0
chr17:76919988-76920488	27.92	1.59966	0	0	0
chr17:77762663-77763163	27.24	0	0	0.60521	0
chr17:77773238-77773738	71.2	3.57419	0	1.33916	0
chr17:77785838-77786338	65.92	1.42568	0	0	0.0208523
chr17:77787988-77788488	56.04	1.43422	0	0.86621	0
chr17:77816538-77817038	58.12	0.852191	0	0	0.0788215
chr17:78008713-78009213	33.76	2.05011	0	0.875503	0
chr17:78450563-78451063	40.16	1.77054	0	0	0.0151516
chr17:7905288-7905788	18.96	1.68281	0	0.967086	0.0848618
chr17:79112376-79112876	2	0	0.485007	22.9053	0.0168691
chr17:79204792-79205292	6	0	0	15.5054	0
chr17:79215399-79215899	8.2	1.75868	0	1.25576	0.0800004
chr17:79368488-79368988	43.04	0	0	2.85286	0
chr17:79371763-79372263	59.04	0.97652	0	0.98465	0
chr17:79825147-79825647	7.2	1.67012	0	0.9099	0.00718739
chr17:8013085-8013585	12.96	0	0	1.69112	0
chr17:80290713-80291213	27.8	0.823002	0	1.99149	0.00718739
chr17:80478224-80478724	7.48	0.659259	0	0.907025	0
chr1:78060038-78060538	6.52	0.600618	0	0	0
chr17:81008844-81009344	7.08	0.707853	0	3.24847	0
chr17:881363-881863	36.28	0	0	2.2148	0.0111359
chr18:12376679-12377179	6.28	0	0	0	0
chr18:12656488-12656988	29.16	0.77093	0	0	0
chr18:12903874-12904374	11.72	0	0	1.32638	0.0200454
chr18:19748363-19748863	31.52	0	0	0.840251	0
chr18:21253776-21254276	8	0.973612	0	0	0
chr18:22932363-22932863	28.52	2.82476	0.343568	1.53689	0.0134796
chr18:23670679-23671179	12.12	3.07791	0	0	0
chr18:24238138-24238638	20.64	0.986138	0	0.765518	0.0106444
chr18:2848513-2849013	52.6	0.627765	0	0.743719	0
chr18:28621038-28621538	21.8	0	0	0	0
chr18:29225315-29225815	13.12	0.889231	0	0	0
chr18:29622238-29622738	7.04	0	0	1.45535	0.0451615
chr18:29732985-29733485	15	0	0	0	0
chr18:30051338-30051838	32	0.690347	0	0.7567	0.00700121
chr18:3250596-3251096	11.4	0.933604	0	0	0
chr1:8341834-8342334	6.16	0.799968	0	0	0
chr18:39694248-39694748	14.8	0.915709	0	2.55237	0.0329859
chr18:44702501-44703001	7.6	0	0	0.521127	0
chr18:47882613-47883113	13.44	1.33087	0	0	0.00889459
chr18:51673767-51674267	17.2	2.52914	0	1.25974	0.0242197
chr18:54314267-54314767	13.6	1.86535	0	1.25853	0.0996819
chr18:56514683-56515183	12.68	0.600536	0	1.5393	0
chr18:56939238-56939738	48.8	0	0	0	0
chr18:56975788-56976288	30.4	0.70416	0	0	0.0611693
chr1:86043238-86043738	32.44	0	0	0	0
chr1:86046588-86047088	19.52	1.50736	0	0	0
chr18:60746738-60747238	16	0.931778	0	0.512045	0.00688998
chr1:861113-861613	34.16	0.757386	0	1.51499	0.216825
chr18:67565740-67566240	32.2	0	0	1.86284	0.319644
chr18:72094625-72095125	6	0.994587	0.323666	9.05953	0
chr1:87221158-87221658	16.56	3.0049	0.984946	1.43241	0.0272059
chr18:72782874-72783374	7.88	1.565	0	0	0
chr18:72922263-72922763	21.56	0.777733	0	4.3747	0
chr18:77782603-77783103	16.76	2.87493	0	0	0
chr18:9135967-9136467	10.6	0	0	0	0.0100815
chr19:10037813-10038313	13.72	0	0	0.977655	0
chr19:10184793-10185293	18	0.992426	0	0.515618	0.0212286
chr19:10222998-10223498	11.12	0.960361	0	1.74718	0.0356943
chr19:10530188-10530688	60.12	0	0	8.88043	0.00889459
chr19:11301995-11302495	5.76	0.985342	0	0	0.0358682
chr19:11493369-11493869	16.12	0.983477	0	1.71718	0
chr19:11493638-11494138	18.2	1.93859	0	0.992324	0
chr1:91172805-91173305	26.56	0.966277	0	1.69693	0
chr19:12035131-12035631	14.36	1.76323	0	1.72631	0
chr19:12146283-12146783	7.24	0	0	0.69848	0.0159575
chr19:12943813-12944313	22.68	0	0	1.08208	0.00937087
chr19:13124538-13125038	56.92	1.77844	0	0.75639	0.0117648
chr19:13207763-13208263	52.68	1.57348	0	0.652835	0.0315707
chr19:14152171-14152671	13.56	0	0	0.491695	0.0573252
chr19:14224810-14225310	8.6	0.970639	0	1.52629	0
chr19:14478855-14479355	12.04	0.92852	0.700084	0	0.0896719
chr19:14481336-14481836	5	1.554	0	0	0.0182755
chr19:14543580-14544080	7.6	0	0	0.566327	0.00680805
chr19:1468138-1468638	25.96	0	0	0	0
chr19:1526269-1526769	1.2	0	0	0.628749	0
chr19:15858963-15859463	23	0	0	0	0
chr19:16412773-16413273	11.48	0.870653	0	1.49733	0
chr19:16653208-16653708	3	0.794031	0	0.898902	0
chr19:16764897-16765397	4	0.99551	0	0	0.0315496
chr19:17185306-17185806	9.8	0	0	1.17183	0.0373694
chr19:17294515-17295015	14.76	3.1321	0	1.77187	0
chr19:17443432-17443932	5.32	0	0	0	0
chr19:1749538-1750038	37.36	0	0	0	0
chr19:17882951-17883451	7	0.886994	0	3.45723	0.00700121
chr19:18063163-18063663	30.24	3.89886	0	0	0
chr19:18529807-18530307	7	0.995087	0	1.93451	0.0168253
chr19:18572599-18573099	7.8	0	0	4.20124	0.0750004
chr19:1862712-1863212	7	1.69031	0	0.901883	0
chr19:18721913-18722413	48.44	0.987958	0	0.677288	0
chr19:19324868-19325368	5.56	1.82782	0	8.58618	0
chr19:23456454-23456954	5.72	0	0	2.91362	0
chr19:2382399-2382899	8.12	0	0	15.2534	0
chr19:2426898-2427398	8	0	0	0.526239	0
chr19:2734181-2734681	2	0.741415	0	5.91873	0
chr19:2747233-2747733	7.68	0	0.963286	2.94968	0.0255251
chr19:3005924-3006424	3	0.566126	0	0	0
chr19:30715938-30716438	53.76	0.659571	0	1.35418	0
chr19:33085650-33086150	7.04	0	0	1.73758	0.00889459
chr19:33182138-33182638	22.64	0.874414	0	0.701545	0
chr19:34805534-34806034	9.76	0	0	0.943919	0
chr1:934813-935313	35.36	1.21234	0	0	0
chr19:35576816-35577316	9.28	0.559166	0	0	0
chr19:3573857-3574357	10	0	0	1.32733	0
chr19:35819711-35820211	13.4	1.75133	0	0.503275	0
chr19:35899378-35899878	11.92	1.56472	0.62032	3.2421	0
chr19:36076720-36077220	6	0.89051	0	1.57126	0
chr19:36584141-36584641	5	0.859636	0	2.11653	0.034483
chr19:3689517-3690017	13.36	0	0	4.98119	0
chr19:38878462-38878962	13.88	0.963855	0	0	0
chr19:38885413-38885913	20.92	0	0	0.538926	0
chr19:4053503-4054003	5	0.989166	0	19.3459	0
chr19:4066592-4067092	4.64	0	0	0	0.00811727
chr19:4084010-4084510	7.44	2.81847	0	0	0.00700121
chr19:41105538-41106038	33.88	5.64196	0	0.745366	0
chr19:42432938-42433438	54.72	0.998338	0	11.6998	0.0967747
chr19:42448513-42449013	25.88	0	0	0	0.122219
chr19:42680313-42680813	24.36	9.78802	0	0	0
chr19:4279688-4280188	17.72	4.76778	0	0	0
chr19:42828988-42829488	33.48	0.964129	0	0	0
chr19:44029318-44029818	23.84	0.853667	0	1.44092	0
chr19:45180253-45180753	8.76	1.98287	0	0	0.00819468
chr19:45307020-45307520	9.76	0.706677	0	1.63894	0.246824
chr19:45350413-45350913	24.92	0.701624	0	0	0
chr19:45757105-45757605	19	0.971581	0	0	0
chr19:45808622-45809122	10.8	0.812455	0	2.86154	0.0642716
chr19:45837111-45837611	7	0	0	1.32348	0
chr19:4584043-4584543	9.68	0	0	0.573836	0
chr19:45962212-45962712	5.68	0.99384	0	4.42351	0.00903922
chr19:46094164-46094664	5.68	0	0	1.2657	0.0287437
chr19:46101263-46101763	35.08	2.26352	0	0.758111	0
chr19:46456073-46456573	9.6	1.81495	0	0	0
chr19:46969818-46970318	13.36	0.648623	0	1.53288	0
chr19:47017814-47018314	7	0	0	11.3181	0
chr19:47745213-47745713	29.76	0	0.398556	14.8164	0.0302898
chr19:48774672-48775172	8.64	1.76449	0	0.926716	0
chr19:48947388-48947888	22.4	0.991797	0	0.848452	0
chr19:49148212-49148712	14.24	3.428	0	2.55495	0
chr19:49347627-49348127	7	0.98486	0.701599	0.944146	0.0182755
chr19:49379657-49380157	7.84	1.51397	0	0	0
chr19:49486634-49487134	7	0.890739	0	0	0
chr19:49510152-49510652	9	0	0	1.54693	0
chr19:49717968-49718468	6.48	0	0	0.672728	0.011102
chr19:49866313-49866813	44.04	0.945743	0	0.965579	0
chr19:49936738-49937238	29.04	2.38077	0	0	0
chr19:49944138-49944638	35.92	2.34759	0	1.1026	0
chr19:50003319-50003819	11	0.850677	0	1.32512	0
chr19:50409707-50410207	10	0	0	0	0
chr19:50554120-50554620	6.56	0	0	0.984916	0
chr19:50681557-50682057	17.44	0.980278	0	0.819546	0.137417
chr19:51322926-51323426	6	1.87284	0	1.8136	0
chr19:52641882-52642382	9.92	6.39389	0	0	0.0263159
chr19:53935045-53935545	11	0.967681	0	0.933449	0.0145295
chr19:54430909-54431409	2	3.95146	0	0.685186	0
chr19:55460719-55461219	7.84	0.960365	0	0.502459	0
chr1:95550088-95550588	18.44	1.24734	0	0	0.0247351
chr1:95583513-95584013	24.68	0.711586	0	1.53897	0
chr19:55881163-55881663	27.96	3.55793	0	0.721002	0
chr19:56135370-56135870	8.92	0.884607	0	0	0.226825
chr19:5686704-5687204	5.72	0	0	0.826395	0.0132789
chr19:57149280-57149780	4	0.99679	0	0	0
chr19:5927409-5927909	7.8	0.955958	0	2.37953	0.028935
chr19:5974914-5975414	14	0.722603	0	2.43163	0
chr19:6243938-6244438	7.92	0.977335	0	1.61457	0
chr19:674500-675000	10	0	0	0	0
chr19:6802972-6803472	7.44	0	0	0.663963	0
chr19:7627652-7628152	8.36	0.863572	0	0	0
chr19:771143-771643	6.76	3.66346	0	0	0.0463582
chr19:7981838-7982338	39.04	0	0	0.482609	0
chr19:7985690-7986190	8	0.985702	0	0.944344	0.166667
chr19:8381898-8382398	4.44	0	0	0	0.025661
chr19:8643638-8644138	26.36	0.710012	0	1.64679	0.0420773
chr19:926655-927155	1.88	3.50635	0	0.969041	0
chr20:10635096-10635596	15.4	2.65908	0	1.95324	0
chr20:1417836-1418336	20.28	0	0.856798	2.23247	0
chr20:17972878-17973378	10.96	0	0	0	0.0365509
chr20:19717581-19718081	8.52	0	0	2.16249	0
chr20:20341363-20341863	24.08	0	0	1.24836	0
chr20:22547913-22548413	25.24	0	0	1.00022	0.0151516
chr20:23342173-23342673	9.96	0	0	0.449823	0.0807458
chr20:2450717-2451217	8.2	0.77934	0	1.86567	0
chr20:2672613-2673113	30.92	0.892141	0	0	0
chr20:271438-271938	21.6	1.40727	0	0	0.0304745
chr20:2731788-2732288	41.6	0.79204	0	0.781501	0
chr20:2781463-2781963	50	0	0	1.11313	0
chr20:30183824-30184324	6	0	0	1.99223	0.00981753
chr20:30293840-30294340	10.68	0.807768	0	0.652835	0
chr20:30455700-30456200	19	0	0	1.38693	0
chr20:30458588-30459088	32.32	3.51691	0	1.67304	0
chr20:30607288-30607788	34.16	1.90573	0	0	0
chr20:3062313-3062813	26.56	0.672597	0	6.14503	0.126197
chr20:32471608-32472108	11.24	0	0.520169	3.54283	0
chr20:3645829-3646329	5.52	0.720936	0.415605	1.31015	0.018024
chr20:37353888-37354388	41.12	2.84635	0	5.18364	0.152418
chr20:3870878-3871378	11.68	1.67021	0	0.473607	0
chr20:39320688-39321188	32.44	0.790458	0	0	0.00718739
chr20:39824138-39824638	5.88	0	0	0	0.0724768
chr20:43930561-43931061	9	0	0	2.88548	0.00956943
chr20:43951571-43952071	7	0	0	0.89656	0
chr20:44080820-44081320	11	3.29342	0	1.56707	0.00956943
chr20:44739288-44739788	24.36	2.77755	0	0.846448	0
chr20:46122103-46122603	15.6	0.996556	0	0.819566	0
chr20:47883860-47884360	15.88	0	0	0	0
chr20:47895493-47895993	9.68	0	0	0	0.0804701
chr20:47935388-47935888	31.4	0.791165	0	2.20997	0
chr20:49156308-49156808	13.44	0.945029	0	0.972085	0
chr20:50177463-50177963	23.68	4.96562	0	0.502459	0.00770421
chr20:50180013-50180513	27.4	0.997756	0	0.990583	0
chr20:50383988-50384488	31	0	0	0.60914	0.0576926
chr20:52516836-52517336	14.64	0	0	0	0
chr20:52535494-52535994	11.4	0	0	0.971004	0.0573252
chr20:53282263-53282763	8	1.79327	0	0	0
chr20:56803988-56804488	31.4	0.883977	0	0.521127	0
chr20:58508514-58509014	2.72	1.50523	0	0	0
chr20:591238-591738	41.56	0.990233	0.394031	3.72541	0.0819677
chr20:5977424-5977924	23	0.995643	0	2.93602	0.0208381
chr20:60841424-60841924	5.64	0.88623	0	2.31196	0
chr20:61447763-61448263	36.68	0.970614	0	1.97851	0.0148233
chr20:61556845-61557345	17	0	0	0.50685	0
chr20:62276518-62277018	15	0.562344	0	0.741022	0.0194442
chr20:62460838-62461338	46.92	0	0	1.19508	0
chr20:62485244-62485744	7.36	1.60255	0	0	0.00738557
chr20:986253-986753	8.32	0.844629	0	2.90597	0
chr2:101055226-101055726	6	0.995062	0	3.98525	0.0182755
chr2:10154817-10155317	4	0	0	6.07352	0
chr2:102004188-102004688	27.92	0.728974	0	0	0
chr2:102091313-102091813	33.56	0	0	1.40646	0
chr2:10276072-10276572	6	0	0	2.81691	0
chr2:105462488-105462988	25.04	0	0	0.961994	0
chr2:105468388-105468888	36.04	0	0	0	0
chr2:105479063-105479563	36.24	0	0	0	0
chr2:105946224-105946724	4	0	0	0.560899	0.0800004
chr2:105954019-105954519	10.16	1.47536	0	3.16336	0
chr2:106014388-106014888	23.92	0	0	0.944935	0
chr2:10861988-10862488	35.72	0.967654	0	1.22242	0.0145295
chr2:10972263-10972763	22.04	0	0	3.43113	0.0261852
chr2:111873838-111874338	33.6	0.784903	0	0	0.175488
chr2:111874888-111875388	56.12	0	0	2.41644	0
chr2:111876638-111877138	66.16	0	0	0	0
chr2:112895288-112895788	22.48	0	0	2.77375	0
chr2:114619254-114619754	6.48	1.33176	0	0	0.0111359
chr2:119594088-119594588	39.32	0.986514	0	1.5621	0.0340524
chr2:119606238-119606738	33.32	0	0	0.60521	0
chr2:121453163-121453663	44.36	0.673804	0	0	0
chr21:27011025-27011525	12.56	0.763527	0	0	0
chr2:127977738-127978238	50.24	0.836955	0	0.988257	0.011102
chr2:128397543-128398043	8	0.711327	0	1.77735	0
chr2:12856213-12856713	20.8	0	0	0	0
chr2:131861813-131862313	19.64	0	0	0.902439	0.0181714
chr21:33106171-33106671	15.76	0.983809	0	1.2511	0
chr21:34099972-34100472	5.76	1.60279	0	0.598856	0.0237333
chr21:34444013-34444513	45.56	0.599	0	0	0
chr21:34746697-34747197	12.36	0.763453	0	0.521127	0
chr2:135476938-135477438	32.56	0.805876	0	0	0
chr2:136577556-136578056	16.08	0	0	1.76003	0.0819677
chr2:136876238-136876738	57.44	0	0	1.16608	0
chr2:136886913-136887413	22	1.71698	0	0.646581	0.013482
chr21:43298119-43298619	19.36	0	0	1.49266	0.017544
chr21:43857846-43858346	6.4	0	0	2.66227	0
chr21:43955122-43955622	16.88	0.994703	0	1.72812	0
chr21:44527410-44527910	6	0.716226	0	0.642786	0
chr21:45627070-45627570	11.88	0.59477	0	1.47504	0.0134049
chr21:46132413-46132913	19.84	2.87023	0	2.18735	0
chr21:46221472-46221972	4	0	0	0.554379	0.00738557
chr21:46237335-46237835	4.76	0	0	0	0.00937087
chr21:47060813-47061313	4.56	0	0	0.921587	0.0967747
chr21:47393863-47394363	27.52	0.636382	0	0.77307	0
chr21:47709646-47710146	29.28	0	0	4.84759	0
chr21:47744092-47744592	6	0	0	1.48994	0
chr21:47791267-47791767	4.92	0.708452	0	4.64378	0.303032
chr2:157178888-157179388	64.88	0	0	0.627302	0.0769235
chr2:158733538-158734038	24.84	1.41394	0	1.6603	0
chr2:159824388-159824888	41.48	0.70156	0.355847	1.00658	0.0156161
chr2:162272838-162273338	53.72	0	0	0.592	0.0103093
chr2:162281013-162281513	35.96	3.67899	0	0.488171	0.0106444
chr2:162281588-162282088	34.08	0.760041	0	0.664671	0
chr2:162283863-162284363	39	0	0	0.983764	0
chr2:171674063-171674563	30.2	0.570559	0	1.31755	0.00782127
chr2:172953688-172954188	56.12	1.77729	0	0.980977	0.0201498
chr2:172960788-172961288	50.68	2.67728	0	0	0.0328762
chr2:172962988-172963488	33.96	0	0	4.36052	0
chr2:172964013-172964513	41.28	0.909066	0	0.864454	0.0596688
chr2:172966613-172967113	47.08	0	0	0	0
chr2:172970138-172970638	27.32	3.71584	0	0.769908	0
chr2:174218663-174219163	24.12	0	0	0.992267	0.274409
chr2:175193988-175194488	45.6	2.79988	0	1.82349	0
chr2:175194838-175195338	36.6	2.70628	0	0.823801	0
chr2:175199888-175200388	70.6	0	0	0.991793	0
chr2:175203738-175204238	45.8	0	0	0	0
chr2:175206338-175206838	71.24	0	0	0	0
chr2:175257393-175257893	9.92	0.933572	0	1.30838	0
chr2:175594438-175594938	17.72	0	0	2.99587	0
chr2:176953188-176953688	37.96	2.17788	0	0	0
chr2:176958663-176959163	47.84	0.82149	0	3.531	0.014674
chr2:176988088-176988588	35.64	0.938164	0	0	0.00923082
chr2:177000888-177001388	25.04	6.75541	0	3.56532	0
chr2:177029713-177030213	49.44	0	0	0	0.0819677
chr2:177037463-177037963	25.68	0	0	2.15413	0.247745
chr2:177054313-177054813	31.64	0.904751	0	0	0.00742695
chr2:177055088-177055588	29.96	0	0	0.528153	0.0103093
chr2:17719638-17720138	36.2	0.777485	0	0.477739	0
chr2:178031238-178031738	25.84	0	0	0.765518	0
chr2:181816760-181817260	14.04	3.07015	0	1.43609	0.170041
chr2:182547338-182547838	41.08	0.777223	0	0	0
chr2:183731388-183731888	33.8	1.86559	0	1.53119	0
chr2:183901713-183902213	27.08	1.68181	0	1.5751	0
chr2:185461513-185462013	28.88	1.64559	0	2.42237	0
chr2:192020363-192020863	21.84	0	0	0.635193	0
chr2:19561788-19562288	56.48	0.956843	0	0.676314	0
chr2:197809306-197809806	9	0.765001	0	0.980539	0
chr2:198650687-198651187	6.76	2.59098	0	0	0
chr2:198667688-198668188	27.72	0.993063	0	0.683948	0.0145295
chr2:20064907-20065407	14.24	0.600678	0	1.20152	0.37561
chr2:201346063-201346563	11.96	0.999199	0	0	0
chr2:20155519-20156019	9	0	0	0	0
chr2:201766151-201766651	9	0.744654	0	0.991652	0
chr2:201983583-201984083	9.2	0	0	0	0
chr2:201983825-201984325	10.36	0.800463	0.679539	1.05386	0
chr2:202897363-202897863	26	0.952672	0	0	0
chr2:204400438-204400938	28.68	0	0	0	0
chr2:207306438-207306938	26.76	0.954197	0	0.883133	0
chr2:20865163-20865663	40	0.766913	0	0	0
chr2:216898111-216898611	12.44	0.901355	0	0.60521	0.211059
chr2:217555688-217556188	28.64	0.966009	0	0	0
chr2:217559863-217560363	22.08	5.27111	0.91281	1.96836	0.0209791
chr2:218910937-218911437	12	0.676567	0	0	0
chr2:219014511-219015011	12.8	4.67529	0	0	0.0231024
chr22:19166154-19166654	5.36	0	0	0.596775	0
chr2:219609308-219609808	11.92	3.30041	0	0.778593	0
chr2:219737613-219738113	27.16	5.20972	0	0.588591	0.0355387
chr2:219741263-219741763	17.68	0.931249	0.942101	0.984916	0
chr22:19747638-19748138	48.64	5.68688	0	0	0.00889459
chr22:19754613-19755113	30.96	1.57036	0	0	0
chr2:219825838-219826338	42.68	5.76442	0	1.47261	0
chr2:219848138-219848638	58.52	0	0	0.914062	0.178564
chr2:219860538-219861038	23.6	0.998775	0	2.89166	0.439147
chr2:219922513-219923013	52.4	1.20146	0	0.904602	0.00770421
chr2:220172800-220173300	8	0.607106	0	0.505439	0.0967747
chr2:220330292-220330792	2	0	0	13.4236	0.0551184
chr2:220362063-220362563	46.56	1.77196	0	0	0.00889459
chr22:21318763-21319263	29.8	0.987332	0	1.47928	0.0328762
chr22:23455139-23455639	7	0	0	0.924029	0.0219517
chr2:223597488-223597988	15.64	0.982826	0	1.57334	0.156173
chr22:23907938-23908438	36.6	0.935275	0	0.851432	0.0267661
chr2:228238853-228239353	13.84	0.601509	0	3.67597	0.224139
chr22:29215261-29215761	14.16	0.649913	0	0	0
chr22:29466738-29467238	28.32	1.71462	0	1.94055	0.0285848
chr22:30112670-30113170	10.76	1.58396	0	0	0
chr22:30275741-30276241	11	0	0	0.938074	0.0266053
chr22:30652000-30652500	9.16	0.998551	0	0	0.00778168
chr22:31298943-31299443	9.4	2.54285	0	0.952206	0
chr22:31316342-31316842	7.76	0	0	0.941963	0.0067568
chr22:31459794-31460294	13.28	1.55082	0	2.48307	0.0101774
chr2:231770135-231770635	4.64	0	0	0.846586	0
chr22:31873267-31873767	14	0.95144	0.958035	0	0.014674
chr22:31915946-31916446	8	0.870587	0	0.798958	0.0304745
chr2:23570971-23571471	3.56	0.601235	0	1.3342	0
chr22:37473738-37474238	7.32	0	0	1.68495	0
chr22:37560164-37560664	19.36	2.75209	0	0	0.520183
chr22:37611919-37612419	13.08	2.77139	0	1.66666	0.24682
chr22:37730138-37730638	49.48	0.596261	0	0	0.0173798
chr22:37838473-37838973	10.76	1.93926	0	1.74997	0
chr22:38005900-38006400	11	3.71711	0	1.51053	0
chr22:38201513-38202013	33.2	0	0	0	0.00778168
chr22:38202638-38203138	44.2	1.79819	0	0.685186	0.023811
chr22:38245051-38245551	3.96	0	0	0.473853	0
chr22:38707163-38707663	16.68	0	0	1.79523	0
chr22:38808515-38809015	9	0.765023	0	1.71657	0
chr2:239149334-239149834	11.12	3.25524	0	0	0
chr22:39540416-39540916	10	0	0	0.817797	0.0151516
chr22:39858694-39859194	5.6	0	0	1.45167	0
chr2:240080442-240080942	8.2	0	0	7.41943	0
chr22:40466749-40467249	9.96	0.979912	0	0	0.00693248
chr2:241393763-241394263	29.64	0	0	1.37884	0
chr2:242027831-242028331	12	1.41532	0	0	0.00754405
chr2:242454513-242455013	24.96	1.95703	0	0	0
chr22:43156963-43157463	13	0	0	1.69366	0.0275478
chr2:24387426-24387926	7	1.74079	0	0	0
chr22:44727888-44728388	44.68	12.6912	0	0	0
chr22:46373738-46374238	29.96	0.631712	0	2.73456	0.00889459
chr22:46544688-46545188	19.52	0	0	2.97405	0
chr22:50219595-50220095	9	0.973735	0	0	0.0212767
chr22:50686152-50686652	5.96	0	0	1.97929	0.0807458
chr2:25391738-25392238	27.4	0.978908	0	1.71655	0.0358682
chr2:264964-265464	13	0	0	0.998859	0.0331167
chr2:27069863-27070363	41.96	0	0	0	0
chr2:27298262-27298762	14.44	0.565826	0	0.987984	0
chr2:27434504-27435004	4.32	1.71557	0	0.704494	0.034483
chr2:27486788-27487288	61.92	2.267	0.591361	1.63331	0
chr2:289813-290313	24.48	2.63807	0	0	0
chr2:29033475-29033975	6	0	0	0.807761	0
chr2:29327536-29328036	12.16	0.909066	0	2.47397	0.0151516
chr2:31359913-31360413	35.44	0	0	0	0
chr2:3484065-3484565	7.4	0.958149	0	0.940403	0
chr2:36582013-36582513	18	0.621611	0	0	0
chr2:36891238-36891738	36.88	0	0	0.700392	0
chr2:37550788-37551288	36.04	0	0	4.10339	0.011501
chr2:37552413-37552913	54.84	0.999186	0	0	0
chr2:42325583-42326083	16	2.13504	0	2.27145	0
chr2:43036959-43037459	7	0	0	0	0.0819677
chr2:43055943-43056443	21.92	0.75851	0	0.839942	0
chr2:43361454-43361954	9.16	2.7214	0	2.51358	0.576925
chr2:45028513-45029013	33.92	1.84866	0	0	0
chr2:45154788-45155288	39.92	0	0	0	0
chr2:45167238-45167738	55.56	0	0	0.864847	0
chr2:45228613-45229113	34.24	0.87913	0	0.66522	0
chr2:47563709-47564209	14.92	0	0	0	0.0200001
chr2:54905819-54906319	12.48	0	0	1.69907	0
chr2:54907479-54907979	35.48	3.83463	0	0.688262	0.0156938
chr2:55386275-55386775	10.64	0	0	0	0
chr2:58485576-58486076	7.96	0.910434	0	0	0.00738557
chr2:60675069-60675569	29.28	0	0	0	0.0117648
chr2:60788013-60788513	26.88	0	0	0.552239	0.0111359
chr2:60796663-60797163	23.72	3.17148	0	1.99343	0
chr2:61066124-61066624	12.4	0	0	0.696235	0.0182755
chr2:63276238-63276738	42.84	1.94776	0	0	0
chr2:63285463-63285963	40.36	0.830226	0	0	0.00923082
chr2:66802138-66802638	36.44	5.46857	0	0	0.0112603
chr2:66810488-66810988	33.32	2.52452	0	2.32012	0
chr2:70787505-70788005	11	0.846405	0	1.1844	0.0315496
chr2:70994988-70995488	41.88	0.991387	0	0	0.0418233
chr2:71116363-71116863	27.36	1.83626	0	0.819566	0
chr2:71126013-71126513	32.96	4.86576	0	6.40836	0
chr2:72375163-72375663	42.2	2.88754	0	2.62513	0
chr2:72377238-72377738	42.48	2.56893	0	3.72096	0
chr2:73146388-73146888	55.64	1.70983	0	0.488171	0.335301
chr2:73149863-73150363	25.44	0	0	1.92585	0.0725161
chr2:73153038-73153538	33.56	0.561982	0	0	0
chr2:73403163-73403663	40.92	1.8544	0	0	0.00966548
chr2:73963113-73963613	20	0	0	1.8954	0
chr2:74405761-74406261	7.92	0.553678	0	0.828358	0
chr2:74607246-74607746	6	0	0	2.48815	0.00770421
chr2:74684328-74684828	7.72	1.67556	0	0	0.00923082
chr2:74725863-74726363	47.08	2.24251	0	0	0
chr2:74727263-74727763	25.56	0	0	1.33164	0
chr2:74742613-74743113	40.76	0.592444	0	0.576749	0
chr2:74775951-74776451	5	0	0	0.727075	0
chr2:85108863-85109363	35.52	0.981959	0	0	0
chr2:85147163-85147663	12.2	0.930497	0	1.92346	0.00889459
chr2:87018163-87018663	42.04	3.14412	0	1.50515	0.00894706
chr2:95703063-95703563	6	0	0	27.8372	0
chr2:98356930-98357430	14	0.948531	0	0.743719	0.0216216
chr3:10290232-10290732	10.2	0	0	0.583188	0.0389357
chr3:10399260-10399760	6	0	0	0.902439	0
chr3:107849469-107849969	16.72	0	0	0	0
chr3:111442367-111442867	14.52	0	0	0	0
chr3:111686433-111686933	15	1.95622	0	0.968537	0
chr3:112693513-112694013	24	1.94532	0	0	0.034483
chr3:113265116-113265616	16.32	3.21866	0	0	0
chr3:113507425-113507925	6.16	0.622121	0	1.5052	0
chr3:119383541-119384041	12.68	0	0	0.826657	0
chr3:122745713-122746213	49.92	0	0	0	0.0340524
chr3:122785866-122786366	4	0.903853	0	0	0
chr3:123329167-123329667	13	0	0	0	0
chr3:123752563-123753063	22.36	2.51519	0	1.55334	0
chr3:125230934-125231434	8.8	0.984243	0	0.982258	0
chr3:126075163-126075663	31.32	1.79655	0	3.15996	0.00718739
chr3:126108033-126108533	9.68	0	0	2.3891	0.00861249
chr3:127347263-127347763	29	0	0	1.09271	0
chr3:128210713-128211213	67.48	0	0	0	0
chr3:129155118-129155618	16	0	0	0.668849	0
chr3:129324563-129325063	33.88	0	0	0	0.0228875
chr3:136506262-136506762	22.28	0.567157	0	0	0
chr3:136601341-136601841	12.52	0	0.327132	4.70679	0
chr3:136621341-136621841	14.36	0.980192	0	0.656805	0
chr3:137489913-137490413	33	1.88764	0	0	0
chr3:137753721-137754221	5.4	0	0	0.685186	0
chr3:138656288-138656788	44.48	0	0	2.1142	0
chr3:138661388-138661888	26.64	0	0	6.77065	0
chr3:138666588-138667088	30.64	1.98226	0	4.37751	0
chr3:138668088-138668588	33.68	1.45154	0.880981	3.98694	0
chr3:15440295-15440795	14.72	0.988408	0	0	0.0263159
chr3:156300276-156300776	8	0.639276	0	0	0.0264303
chr3:156530271-156530771	10	0.675953	0	0	0.257735
chr3:156784858-156785358	15.8	0.939006	0	2.99662	0.817922
chr3:157821438-157821938	52.4	1.85092	0	0	0.0588239
chr3:159942663-159943163	34.28	0.568107	0	0	0
chr3:160117240-160117740	9	2.16136	0	0	0
chr3:160292377-160292877	8.96	0	0	0	0
chr3:161028590-161029090	33.68	1.85442	0	0.464868	0.447806
chr3:16353336-16353836	11.96	0	0	1.33398	0.0238697
chr3:164919689-164920189	15.52	0	0	4.78606	0.0427669
chr3:170625388-170625888	32.4	0	0	0.968208	0
chr3:171531538-171532038	22.44	0.664838	0	1.63164	0.0103093
chr3:171547660-171548160	4.96	0	0	0.691292	0
chr3:181427438-181427938	57.28	0.884619	0	0.968295	0
chr3:181432388-181432888	32.36	0.983844	0	0.986097	0
chr3:181441813-181442313	40.68	2.37219	0	2.79515	0
chr3:181442688-181443188	33.6	0.959414	0.498991	0.816177	0.0195553
chr3:181445363-181445863	35.24	1.57373	0	0.75184	0.0147644
chr3:182897188-182897688	34.56	0.977194	0	0.980539	0.0275478
chr3:184089269-184089769	12.4	0.817764	0	1.33628	0
chr3:184098588-184099088	65.84	1.4924	0	0.812856	0
chr3:184231338-184231838	30	0	0	1.77943	0
chr3:184894538-184895038	16	0	0.425228	1.76225	0.0151516
chr3:185868838-185869338	28.44	2.38368	0	0	0.307571
chr3:186232325-186232825	14.84	3.84323	0	0.626793	0
chr3:186256468-186256968	12	0.613502	0	1.52908	0.00889459
chr3:186256530-186257030	12	0.613502	0	1.52908	0.0264385
chr3:187455738-187456238	56.6	1.62469	0	0.890577	0
chr3:187460513-187461013	36.48	2.42811	0	2.41442	0.0117648
chr3:191840581-191841081	15.24	0	0	0.911972	0.0275478
chr3:194395735-194396235	14	0.556484	0	0.988663	0
chr3:194412390-194412890	19.2	0	0	1.5382	0
chr3:23961886-23962386	9	0	0	0	0
chr3:24561663-24562163	30	1.60867	0	1.43366	0.111305
chr3:27421891-27422391	9.88	0	0	0.988257	0.0152906
chr3:27722852-27723352	12.28	0.838714	0	0.9099	0
chr3:27754688-27755188	44.64	1.82343	0	0	0
chr3:28618788-28619288	20.36	0	0	3.50235	0
chr3:3116151-3116651	10.2	0	0	0	0
chr3:3196649-3197149	13.4	0.755866	0	1.45709	0
chr3:32021838-32022338	41.4	2.75376	0	3.49772	0
chr3:3243218-3243718	11.64	0.562433	0	0.944958	0
chr3:32539122-32539622	12.36	0.952741	0	0.700392	0
chr3:33481809-33482309	11.36	0	0	0.870677	0
chr3:37492888-37493388	42.16	1.69587	0	3.19204	0
chr3:37854663-37855163	9.72	0	0	0	0
chr3:38040196-38040696	5	0	0	0	0
chr3:38071363-38071863	37.08	0	0	1.00924	0.0217393
chr3:39190513-39191013	8	0.679424	0	0.510932	0
chr3:40428013-40428513	25	1.93627	0	1.51019	0
chr3:44996575-44997075	6	1.73224	0	0.528225	0.113123
chr3:45838163-45838663	33.08	0.593516	0	1.33925	0
chr3:45838713-45839213	28.4	0	0	0.729219	0
chr3:46346222-46346722	13.12	0	0	0.955678	0.16084
chr3:47418617-47419117	11.6	1.98032	0	0.552239	0.0264303
chr3:48264517-48265017	12.8	0	0	0.468673	0.0644745
chr3:49027341-49027841	5.76	0	0	0	0
chr3:4969368-4969868	20.68	0.999491	0	3.78923	0.0315496
chr3:49984331-49984831	5	1.8855	0.375341	1.26138	0.0819677
chr3:5019067-5019567	16.08	1.73994	0	0	0
chr3:50241688-50242188	28.48	0	0	0	0
chr3:50375423-50375923	7.08	0	0	0.556275	0.0358682
chr3:50377870-50378370	7.44	0	0	0.512045	0
chr3:51832500-51833000	7	0.935058	0	3.08741	0.0280436
chr3:53832169-53832669	9.08	1.46031	0	4.08521	0
chr3:55517263-55517763	31.8	0.821787	0	1.76329	0
chr3:57112138-57112638	30.6	0	0	0	0
chr3:58679527-58680027	7.72	0.893018	0	0.768075	0.0555409
chr3:67399904-67400404	17	0.797797	0	3.00613	0
chr3:71773413-71773913	31.4	2.59919	0	1.26837	0
chr3:71802113-71802613	21.2	0	0	0	0.00700121
chr3:72937738-72938238	36.36	0	0	0.557983	0
chr3:73427317-73427817	13	0	0	1.29433	0.0924484
chr3:8809155-8809655	8.12	0	0	0	0
chr3:9014211-9014711	12.88	0	0	0.660745	0.0182755
chr3:98481953-98482453	12.92	0.72194	0	1.70518	0.0581549
chr3:98482014-98482514	12.92	0.72194	0	2.05973	0.0581549
chr3:9851089-9851589	10.88	0.660449	0	0.515618	0
chr3:99928938-99929438	22.56	0.868476	0	0	0.0156938
chr4:101940663-101941163	21.52	0.895818	0	3.48968	0
chr4:106065338-106065838	26.8	0	0	0.743719	0.117463
chr4:109092313-109092813	44.88	0	0	1.03718	0
chr4:109093891-109094391	23.28	0	0	0	0
chr4:111537463-111537963	49.04	1.73062	0	1.63269	0
chr4:113153421-113153921	14.92	0.9442	0	0	0.0106444
chr4:113440963-113441463	22.76	1.48766	0	1.52211	0.0103093
chr4:113514532-113515032	13.44	0.770495	0	2.04569	0
chr4:114320188-114320688	17	0	0	18.6323	0
chr4:119203133-119203633	11	0	0	0	0
chr4:121844138-121844638	38.64	0	0	0	0.107439
chr4:122873263-122873763	37.56	2.57001	0	1.63787	0.107439
chr4:126235888-126236388	34.08	1.50103	0.346772	5.08756	0
chr4:126237063-126237563	35.52	0.776255	0	0.566327	0.0220881
chr4:129797270-129797770	7.56	0	0	0	0.0611693
chr4:13530288-13530788	28	0.661904	0.992631	2.5239	0.0408298
chr4:13541563-13542063	29.28	0.729574	0	0.615311	0
chr4:13546713-13547213	51.16	1.15861	0	0	0
chr4:13548263-13548763	49.64	0	0	2.13282	0.0576926
chr4:140201438-140201938	48.08	0.719232	0	1.05794	0.0897868
chr4:141075988-141076488	25.4	0	0	0.566327	0.0151516
chr4:141419513-141420013	18.12	0	0	0.517483	0
chr4:141686006-141686506	9.8	0	0	2.07308	0.00889459
chr4:144475817-144476317	17.4	1.58543	0	0	0
chr4:147076432-147076932	18.44	1.69211	0.3413	0.635193	0.011102
chr4:147194163-147194663	20	0.619906	0	0	0
chr4:148468188-148468688	16.04	0	0	0.978112	0.0145295
chr4:15335296-15335796	4	0.747357	0	0	0
chr4:153856238-153856738	24.4	0	0	0	0
chr4:154710738-154711238	40.6	1.69906	0	2.97821	0
chr4:154713138-154713638	26.48	0	0	1.57176	0
chr4:156708152-156708652	13.16	0.703258	0	0	0
chr4:15780663-15781163	25.52	2.39679	0	0	0.162005
chr4:15787932-15788432	1	0	0	1.6252	0
chr4:166299713-166300213	23.84	0	0	0.942355	0.0151516
chr4:169754363-169754863	21.56	0	0	0.554379	0
chr4:170534313-170534813	17.6	0.773143	0	0	0
chr4:170947713-170948213	23.68	0.713322	0	0.571184	0
chr4:174439113-174439613	28.88	2.74244	0	0.523287	0
chr4:185567324-185567824	8	0.85598	0	2.25287	0
chr4:186456938-186457438	19.08	0.989455	0	0.758111	0.317855
chr4:187026788-187027288	35.36	0	0	1.83578	0
chr4:187066613-187067113	31.68	0	0	0	0.00824997
chr4:2242713-2243213	22.28	0.743219	0	1.68625	0.153297
chr4:2420788-2421288	26.88	2.77426	0	1.05875	0
chr4:25174373-25174873	8.4	0.86787	0	0.716289	0
chr4:2938459-2938959	11.6	1.11871	0	0	0
chr4:3304003-3304503	15.52	0	0	3.95947	0.636123
chr4:3304073-3304573	15.52	0	0	3.95947	0.555377
chr4:37455663-37456163	34.68	0	0	1.51846	0.00889459
chr4:40200775-40201275	13.08	0	0	0.610449	0
chr4:40296988-40297488	53.68	10.1029	0	0	0
chr4:41211218-41211718	5.48	0.903338	0	0.552239	0.0145295
chr4:42398288-42398788	46.64	1.4744	0	1.36929	0.0427353
chr4:48486338-48486838	36.32	1.93556	0	0	0
chr4:4857513-4858013	46.08	2.8808	0	0	0
chr4:54967288-54967788	41.8	0.620993	0	0.991134	0.0145295
chr4:54968938-54969438	48.92	0.96678	0	0.467564	0.0106444
chr4:55093113-55093613	35.24	0	0	0	0
chr4:55093613-55094113	52.48	0	0	0.683948	0
chr4:56915838-56916338	28.16	0	0	0.633412	0
chr4:603194-603694	15	0	0	0	0
chr4:6674933-6675433	8	0	0	0.605189	0
chr4:71532046-71532546	15.64	0	0	0	0.0231024
chr4:71704855-71705355	5.24	0	0	1.30948	0.0275478
chr4:76440477-76440977	21.8	0	0	0.656069	0.011102
chr4:76504710-76505210	2	0	0	0	0.0145295
chr4:79663443-79663943	13	0	0	0.627302	0
chr4:79673913-79674413	18.24	0.974228	0	1.24981	0.202313
chr4:798428-798928	3	0	0	2.28068	0
chr4:83270914-83271414	12.24	0	0	0.991123	0
chr4:84152618-84153118	25.08	0.992696	0	1.18269	0.0451615
chr4:8534966-8535466	8.08	0.844117	0	0.509558	0.00861249
chr4:87816854-87817354	15	3.18559	0.458127	1.84993	0
chr4:918403-918903	7.64	0	0	0	0
chr4:93225788-93226288	21.96	1.49288	0	3.28382	0.0151516
chr4:95678513-95679013	28.28	0.777899	0	0	0
chr4:99368085-99368585	15.88	0.599883	0.891227	0.685186	0.211144
chr5:10485092-10485592	8.68	0.956649	0	1.2932	0.00819468
chr5:109024363-109024863	17.64	1.82371	0	0	0
chr5:110865911-110866411	16	1.87536	0	1.85569	0
chr5:111753638-111754138	33.56	0.941749	0	1.96289	0
chr5:114973363-114973863	21.88	0	0	1.11136	0.0123458
chr5:115150913-115151413	51.76	0	0	0.456985	0.181819
chr5:115152463-115152963	27.76	0.996574	0	0.996088	0.0356394
chr5:115297513-115298013	42.56	0	0	0.818459	0
chr5:122420363-122420863	29.72	0.979982	0	0	0
chr5:126098013-126098513	9.4	0.993702	0	0	0.0149751
chr5:129239088-129239588	24.88	0.707101	0	1.89796	0
chr5:131346463-131346963	34.8	0.807002	0	1.6424	0.0149751
chr5:131630738-131631238	33.96	0.625877	0	0.454469	0.0162561
chr5:131756522-131757022	11.64	0	0	2.68989	0
chr5:133927866-133928366	10.72	1.59542	0	1.02331	0.111944
chr5:134365238-134365738	40.84	1.70751	0	0.463499	0
chr5:134367763-134368263	44.72	0	0	3.15733	0.00889459
chr5:134827913-134828413	25.52	0.813318	0	1.72696	0.0463325
chr5:137071337-137071837	8	2.34708	0	0	0
chr5:137800538-137801038	165.52	1.99741	0	0	0
chr5:1386093-1386593	8.12	0	0	2.75096	0.0340524
chr5:1386513-1387013	17.36	0	0	0.509014	0.00932351
chr5:138728587-138729087	5.84	0	0	0	0.0315496
chr5:138854862-138855362	16.4	0	0	1.54376	0.0848824
chr5:139125613-139126113	16.68	1.37083	0	0	0
chr5:140857817-140858317	14.52	0	0	0	0
chr5:141256613-141257113	91.96	0	0.662428	7.37075	0
chr5:141258088-141258588	30.92	0.686677	0	0	0.0229406
chr5:141371835-141372335	6.76	0	0	0.770972	0
chr5:141402738-141403238	19.84	0	0	0	0
chr5:14142590-14143090	14.64	0.897453	0	0	0
chr5:141428789-141429289	12.76	0	0	0	0.0410581
chr5:148650513-148651013	33.96	0.989338	0	0	0
chr5:149642874-149643374	12	0	0	22.1067	0
chr5:149828438-149828938	25.76	0.979559	0	0.456373	0
chr5:150590546-150591046	25.48	0.919687	0	1.20453	0.00770421
chr5:153859163-153859663	52.96	0.998069	0	0	0
chr5:153900441-153900941	12.48	0.85411	0	0	0.0264303
chr5:154159499-154159999	12.72	1.22052	0	1.46721	0.233162
chr5:154316691-154317191	12.6	0	0	0.542442	0
chr5:159399863-159400363	23.76	1.47769	0	0.984278	0.0431693
chr5:159507563-159508063	21	0	0	0	0
chr5:167676062-167676562	20.44	0.832688	0	1.99959	0
chr5:168035011-168035511	19.92	0.897873	0.983835	1.22411	0.298579
chr5:168729163-168729663	27.4	0	0	9.31617	0.0190549
chr5:16976313-16976813	34	0	0	0.566327	0.875232
chr5:171169866-171170366	15	0	0	2.00072	0
chr5:171426030-171426530	14.84	1.58218	0	2.20225	0.0750004
chr5:172411507-172412007	14.92	0.774128	0	1.83542	0
chr5:172672338-172672838	26.32	0	0	2.82326	0
chr5:175567031-175567531	11	0	0	4.27343	0.226825
chr5:176839463-176839963	16.2	0.972963	0	0.98058	0
chr5:176924788-176925288	20.88	0.837892	0	0	0
chr5:179039392-179039892	6.08	2.64771	0	0	0
chr5:179106049-179106549	8.16	0	0	0	0
chr5:179497788-179498288	37.88	0	0	0	0
chr5:180479489-180479989	10.8	0	0	0.76684	0
chr5:180480388-180480888	31.84	1.70675	0	0.657465	0.011102
chr5:180615691-180616191	13.72	0.894504	0	0.545378	0
chr5:180634640-180635140	15.16	0.672489	0	0.988864	0.0245631
chr5:34655613-34656113	34.16	1.33303	0	0.886045	0
chr5:37111963-37112463	29.6	0	0	0	0.176331
chr5:42423213-42423713	19.72	1.34763	0	0.928797	0
chr5:42908788-42909288	29.64	0	0	0.683948	0
chr5:5116994-5117494	4	0.736088	0	0.965579	0.0576926
chr5:52283988-52284488	20.4	0	0	0	0
chr5:52774188-52774688	60.88	6.49619	0	0.813187	0
chr5:52775063-52775563	38.56	3.75346	0	0.719912	0
chr5:54515838-54516338	23.8	0	0	0	0.00718739
chr5:54521938-54522438	42.04	0	0	1.27086	0.0152906
chr5:54526163-54526663	31	0.562205	0	0	0.0847006
chr5:54528338-54528838	50.04	1.55836	0	0	0
chr5:54598902-54599402	11.4	0	0	0	0
chr5:58180956-58181456	7	1.77116	0	0	0
chr5:60626163-60626663	39.4	0	0	0.685186	0.0148233
chr5:61552263-61552763	31.6	1.65915	0	0.635193	0.225807
chr5:64344630-64345130	9	0	0.347754	2.96664	0
chr5:676668-677168	3	0	0	9.62203	0.00889459
chr5:71389494-71389994	12	0.800622	0	2.9834	0
chr5:72733863-72734363	34.08	1.90861	0.328798	0	0
chr5:76928163-76928663	25.6	0	0	0.529877	0.489363
chr5:76939938-76940438	27.12	0.746474	0	1.63667	0
chr5:77255613-77256113	18.76	0.975961	0	0.583188	0
chr5:79330338-79330838	34.08	0	0	0.685186	0.00889459
chr5:83680738-83681238	23.16	3.88775	0	0.818459	0
chr5:87967988-87968488	47.96	0.985861	0.654372	0.988672	0.0712005
chr5:87970988-87971488	45	0	0	2.20919	0.202313
chr5:87972263-87972763	28.4	1.76918	0	1.85126	0
chr5:87981763-87982263	35.48	0.572604	0	2.48575	0
chr5:87986638-87987138	56.6	0	0	0	0
chr5:89853888-89854388	36.44	0	0	0.491695	0
chr5:912368-912868	3.6	0	0	4.91676	0.011102
chr5:92920863-92921363	40.28	2.73337	0	1.10943	0.0111359
chr5:92930113-92930613	24.68	0	0	1.2077	0
chr5:92937488-92937988	29.72	0.961156	0	0.71488	0
chr5:92943363-92943863	49.32	1.5838	0	0.456373	0.0151516
chr5:92944863-92945363	37.64	0	0	0	0
chr5:92947838-92948338	52.4	0.993925	0	0.748315	0.0162561
chr6:100039238-100039738	32.72	0	0	0.973982	0
chr6:100050538-100051038	53.36	0	0.528047	1.30236	0
chr6:100058763-100059263	27.88	1.91325	0	0	0
chr6:100449613-100450113	26.64	0	0	0.779168	0
chr6:100911013-100911513	42.64	1.76837	0	1.17688	0
chr6:10422838-10423338	36.44	3.07665	0	0	0
chr6:105584563-105585063	25.44	0	0	0.719296	0.0213962
chr6:106593464-106593964	15.2	0.588245	0	0.53031	0
chr6:107781009-107781509	12	1.48585	0	0	0
chr6:107809738-107810238	45.84	0	0	0.637197	0
chr6:10837638-10838138	35.64	0	0	0.988257	0.0128633
chr6:10838882-10839382	16.16	0	0	2.4768	0
chr6:108439938-108440438	85.16	1.21234	0	2.06814	0
chr6:108441938-108442438	21.24	4.42887	0.503176	0	0.0621504
chr6:108478113-108478613	50.36	0.893118	0	1.38782	0
chr6:108489938-108490438	39.68	0	0	0.900204	0
chr6:108492238-108492738	35.08	3.79872	0	0	0.0100815
chr6:108524489-108524989	18.48	0	0	0	0
chr6:108878951-108879451	9.96	0	0	1.61247	0
chr6:108880038-108880538	26.68	0	0	0	0
chr6:112349063-112349563	24.2	0	0	0.573836	0.0981889
chr6:119242199-119242699	9	0	0	0.920929	0.0255251
chr6:12261741-12262241	10	0.89116	0	0.818136	0
chr6:122743980-122744480	12.84	0	0	0.838204	0.0445888
chr6:124123788-124124288	44.4	0.692113	0	0.685186	0
chr6:126068463-126068963	48.4	0	0	0.811986	0
chr6:126072413-126072913	30.76	0	0	0.545917	0
chr6:127837156-127837656	14.6	1.82809	0	0	0.00688998
chr6:128842038-128842538	25.88	0.83264	0.668404	0.999616	0.0117648
chr6:130051594-130052094	15.84	0	0	0.785362	0
chr6:134272918-134273418	6.4	0.675071	0	0.528767	0.0190549
chr6:137417613-137418113	17.48	0	0	0	0.017544
chr6:137807563-137808063	29.16	0	0	0.635193	0.329347
chr6:1379263-1379763	48.92	0.979035	0	0.635193	0.00889459
chr6:1381013-1381513	66.64	0	0	1.77029	0
chr6:1387713-1388213	39.16	0	0	0.975173	0
chr6:1436688-1437188	27.88	0	0	2.03717	0.00754405
chr6:149804104-149804604	12.84	0	0	0	0.303032
chr6:150311513-150312013	44	0.900815	0	1.93417	0
chr6:154570589-154571089	24.04	0.87895	0	1.6255	0
chr6:158939413-158939913	30.08	0.901986	0	1.8392	0.00889459
chr6:159233997-159234497	22.16	1.17308	0	3.6796	0.0145295
chr6:159464563-159465063	19.12	0	0	1.67635	0
chr6:159589888-159590388	20.48	0	0	0.483225	0.0587704
chr6:1607613-1608113	43.96	0.989268	0.338918	0	0
chr6:1612338-1612838	42.36	1.94985	0	0.898786	0
chr6:1614313-1614813	21.16	0.971099	0	0.503275	0
chr6:167521207-167521707	9.88	1.75981	0	0.592	0.500001
chr6:16763186-16763686	13	0.960417	0	0	0
chr6:170606813-170607313	30.88	0.995685	0	2.42419	0
chr6:18359620-18360120	8.04	0.847027	0	0.528153	0.0264385
chr6:26224313-26224813	17.4	0	0	0.7571	0
chr6:26554895-26555395	10.44	0	0	0.812856	0.0082566
chr6:27145394-27145894	14.2	0	0	1.52908	0
chr6:28457062-28457562	5.24	2.9521	0	0	0
chr6:28602863-28603363	30.44	0	0	0	0.0177354
chr6:28891469-28891969	4	0	0	0	0
chr6:28979063-28979563	24.96	1.55646	0	0	0
chr6:290556-291056	19.72	2.77988	0	0.871341	0
chr6:2937263-2937763	25.52	0	0	1.81051	0.417928
chr6:2970838-2971338	26.96	0.987052	0	1.49277	0
chr6:29943938-29944438	23.68	1.54452	0	0	0
chr6:30010299-30010799	12	0.784258	0	0.957744	0.0550471
chr6:30068763-30069263	37.76	2.56963	0	0.826327	0.00686691
chr6:30180743-30181243	12.84	0.978723	0	0.730098	0
chr6:30346035-30346535	10.44	0.996864	0	0	0
chr6:30418438-30418938	40.04	0	0	0	0.274517
chr6:31132819-31133319	14.36	0.767832	0	0.65414	0.00778914
chr6:31164728-31165228	7	1.55156	0	0.999773	0.00774736
chr6:31241052-31241552	12.36	4.87327	0	1.3822	0
chr6:31275702-31276202	5.56	1.53897	0	0	0.143133
chr6:3229563-3230063	32.12	0	0	1.63112	0.0769235
chr6:3231588-3232088	50.64	0	0	0.646581	0
chr6:33168040-33168540	10.96	2.32769	0	0.536664	0
chr6:33587822-33588322	11.8	1.86861	0.953273	2.92162	0.0151516
chr6:33780394-33780894	10	0	0	0.729219	0
chr6:3457763-3458263	21.52	0.99914	0	4.23869	0
chr6:34724586-34725086	7	0	0	0	0.0573252
chr6:35996008-35996508	7.44	1.30784	0	0.579757	0.0328762
chr6:36417081-36417581	1.96	0	0	1.64371	0
chr6:36749452-36749952	13.92	2.73938	0	0.528767	0
chr6:37123227-37123727	22.08	0	0	1.00292	0.00889459
chr6:37599010-37599510	15.6	0	0	0.787234	0
chr6:41266845-41267345	9	0	0	1.45712	0
chr6:41341263-41341763	33.88	0	0	0	0
chr6:4135345-4135845	5.84	0	0	0	0
chr6:4156012-4156512	14.44	0.737895	0	1.86054	0
chr6:41605338-41605838	36.6	0.995541	0	2.45773	0
chr6:41702253-41702753	3	4.49211	0	0	0
chr6:42192463-42192963	22.48	0.988722	0	0.969286	0
chr6:43212463-43212963	31.4	1.65322	0	0.557983	0
chr6:43212938-43213438	18.36	0.985082	0.82618	8.52887	0.0217393
chr6:43214842-43215342	11	1.47068	0	1.43623	0
chr6:44224845-44225345	5.84	2.54271	0	1.40253	0.0251452
chr6:45388813-45389313	51.32	2.65243	0.506426	2.43248	0
chr6:45392138-45392638	28.08	0.988445	0	1.69152	0.0482761
chr6:46703338-46703838	39.28	0.738005	0	0.839768	0
chr6:50788838-50789338	40.76	1.42109	0	1.49804	0
chr6:52399588-52400088	23.92	0.578765	0	0	0.16084
chr6:52929948-52930448	6.24	0	0	1.38209	0
chr6:53101048-53101548	12	1.58922	0	1.2625	0.0156938
chr6:5994313-5994813	28.32	0.766299	0	0	0
chr6:74019754-74020254	8.96	0	0	2.18538	0
chr6:74224852-74225352	17.32	0	0	0	0.0539028
chr6:74274440-74274940	3	0	0	0	0.0573252
chr6:7541013-7541513	40.08	0	0.743096	0.528767	0
chr6:7543588-7544088	33.76	0.970148	0.344024	0	0
chr6:7544788-7545288	23.28	1.93232	0	1.85973	0
chr6:75915138-75915638	43.64	0.963005	0	0.482681	0
chr6:75915913-75916413	53.24	2.60114	0	0	0
chr6:75918413-75918913	39.76	1.6535	0	0	0.0788215
chr6:78175463-78175963	21.16	1.93773	0	3.89565	0.0316776
chr6:80657488-80657988	30.48	0.929613	0	1.84068	0.0194442
chr6:83780602-83781102	7.84	0.903718	0	0.866526	0
chr6:86173791-86174291	12.92	2.57595	0	2.58384	0
chr6:88117862-88118362	6.84	0	0	6.98977	0.00738557
chr6:88338106-88338606	6.56	1.69228	0	0.656069	0
chr6:88412524-88413024	11.96	0.553678	0	0	0.0573252
chr6:90123938-90124438	19.44	0	0	1.17508	0.0208523
chr6:90269168-90269668	6.84	1.63225	0	0	0
chr6:91007163-91007663	24.44	0.865264	0	2.12882	0
chr6:91320338-91320838	21.36	2.76835	0	0.70288	0.0312132
chr6:97202865-97203365	7	0.950831	0	1.29974	0.00770421
chr6:97372529-97373029	10	0	0	4.98219	0.136306
chr6:99280688-99281188	37.56	0.663403	0	0	0.00917437
chr6:99284713-99285213	28.44	0.979778	0	1.59872	0
chr6:99293538-99294038	45.64	2.84797	0	1.44377	0
chr7:100493613-100494113	35.88	0.997757	0	3.89115	0
chr7:100609738-100610238	30.16	3.5847	0	0	0
chr7:100814438-100814938	31.28	3.41598	0.614878	0.999616	0
chr7:100817108-100817608	21	2.87957	0	2.12575	0.0159575
chr7:101930769-101931269	4	0	0	0	0.0486009
chr7:1043463-1043963	3	0	0	10.1509	0.167427
chr7:105171838-105172338	25.88	0	0	0.765518	0.0389141
chr7:105221759-105222259	5	0.994132	0	0	0.00688998
chr7:105714607-105715107	11.24	0	0	2.94724	0
chr7:106301387-106301887	15	1.78951	0	0	0
chr7:107644613-107645113	28	0.97512	0	0	0
chr7:10928965-10929465	12	0.956781	0	0.491695	0
chr7:112725888-112726388	28.16	1.00661	0.881056	4.48987	0
chr7:112758713-112759213	20.36	0	0	0	0
chr7:116140438-116140938	29.68	1.51599	0	0	0.0224021
chr7:116570613-116571113	21.28	0.931481	0	0.818459	0.0106444
chr7:116750863-116751363	16.68	0	0	0.871177	0
chr7:116961713-116962213	22.96	0	0	0.823801	0
chr7:120628838-120629338	37.56	0	0	1.48433	0
chr7:121732952-121733452	13	0.990653	0	1.47899	0.00824207
chr7:126893463-126893963	25.64	0.635356	0	0	0.00972493
chr7:127114457-127114957	6	0.907151	0	0	0
chr7:128045967-128046467	4	3.23126	0	2.08573	0
chr7:128337863-128338363	26.12	0	0	0.554379	0.00820574
chr7:128469838-128470338	28.16	0.578327	0	2.79527	0
chr7:1285363-1285863	32.2	1.22812	0	0.716289	0
chr7:129421988-129422488	60.04	1.83394	0	0	0
chr7:129425288-129425788	29.56	0.93242	0	0.545917	0
chr7:130419288-130419788	55.68	0	0	0	0
chr7:132799224-132799724	10.08	0.609289	0	0	0
chr7:133931077-133931577	17	0	0	1.40975	0.234376
chr7:135650278-135650778	10.76	0.742568	0	0	0.0588239
chr7:137530563-137531063	25.96	2.62228	0	4.51832	0
chr7:138665288-138665788	41.36	0.612268	0	0	0
chr7:138811497-138811997	19.72	0	0	1.14217	0.176916
chr7:139970524-139971024	2	0	0	2.19729	0.0720465
chr7:140341488-140341988	27.08	2.67636	0	0.682028	0.0312885
chr7:140359490-140359990	13.2	0	0.956859	0.826638	0.0156938
chr7:140396632-140397132	7.6	0.603278	0	0.973134	0
chr7:140771988-140772488	45.36	0	0	0.496964	0.0588239
chr7:141210563-141211063	21.24	0.775605	0	0	0.0931179
chr7:142339813-142340313	32.28	0	0	0.514505	0
chr7:149569721-149570221	19	1.35378	0	0	0
chr7:149569727-149570227	19	1.35378	0	0	0
chr7:150061010-150061510	13.36	0.98691	0	1.86098	0
chr7:150863613-150864113	58.4	0.969406	0	0	0
chr7:150946263-150946763	20.16	0.681216	0	8.44613	0
chr7:150948113-150948613	26.2	0.863232	0	4.46465	0
chr7:151105794-151106294	17.52	0	0	1.42731	0.0112603
chr7:155166138-155166638	66.68	0.789277	0	0	0
chr7:155254713-155255213	23.48	0	0	0.635193	0.0625131
chr7:155258463-155258963	26.72	0.969653	0	0.685186	0
chr7:155300963-155301463	36.04	0	0	0	0.500001
chr7:155301613-155302113	27.64	0.870437	0	0.596775	0
chr7:156735896-156736396	6.96	0.803926	0	1.31398	0.0571257
chr7:156794488-156794988	40.92	0	0	1.3237	0.249752
chr7:156811938-156812438	21.84	1.45525	0	0.540292	0
chr7:156812938-156813438	38.24	0	0	0	0
chr7:16686463-16686963	27.68	1.55751	0	1.27623	0
chr7:17413860-17414360	3.72	0	0	0.692705	0.0693123
chr7:19158213-19158713	33.08	0	0	0	0
chr7:20260317-20260817	10.24	0.98391	0	0.976626	0
chr7:20836913-20837413	26.72	1.58202	0	0	0
chr7:22715966-22716466	13.64	0	0	1.83392	0
chr7:23507635-23508135	9.92	1.58072	0	0.997344	0.0221436
chr7:23514863-23515363	34.84	0.746367	0	3.25408	0
chr7:2560088-2560588	51.76	0.584299	0	3.4961	0
chr7:27190488-27190988	39	0	0	1.1939	0
chr7:27198488-27198988	52.92	1.63704	0	0.671484	0.202313
chr7:27209763-27210263	39.8	0	0	0.808803	0
chr7:27211813-27212313	46.28	1.56546	0	0	0
chr7:27228113-27228613	29.48	1.86615	0	0.999194	0
chr7:27237313-27237813	49.2	1.66931	0	0	0
chr7:27245138-27245638	38.28	0.632961	0	3.24584	0.0788215
chr7:30202936-30203436	13.24	0.691396	0	1.66176	0.00675285
chr7:32983238-32983738	23.12	1.69288	0	1.79771	0
chr7:344730-345230	8	0	0	13.926	0
chr7:35839937-35840437	11.56	0	0	0.54323	0
chr7:39648763-39649263	20.16	1.51745	0	0.490263	0
chr7:41980296-41980796	21.56	0	0	0.976774	0.0209435
chr7:42968246-42968746	7.24	0	0	0.921587	0
chr7:44086232-44086732	21.92	1.69215	0	0.988671	0.00819468
chr7:44605033-44605533	11.36	0.607728	0	0.847328	0
chr7:44836045-44836545	8.16	0	0	0	0.0127327
chr7:45956888-45957388	20.16	0	0	2.21082	0.111589
chr7:45961638-45962138	31.56	0	0	0.739995	0.00700121
chr7:5457988-5458488	27.08	0	0	0	0
chr7:5461288-5461788	66.04	1.75088	0	0.933449	0
chr7:5462313-5462813	59.8	2.76463	0	1.64417	0.0188912
chr7:5463088-5463588	27.32	1.3774	0	0.7781	0
chr7:5465013-5465513	71.12	4.04707	0	0	0
chr7:55504123-55504623	9	0	0	6.96045	0.251333
chr7:5568076-5568576	18.16	0	0	2.16365	0.00956943
chr7:5629400-5629900	7.8	0.944724	0	0.699899	0.0132789
chr7:65520179-65520679	13.96	0.798089	0	0.482681	0.0156161
chr7:69061738-69062238	28.12	0.992139	0	2.37073	0
chr7:70264649-70265149	17.48	0	0	0	0.0901824
chr7:75552181-75552681	14.4	1.95382	0	2.08637	0
chr7:7959027-7959527	10.16	0	0	2.47778	0
chr7:8472738-8473238	31.68	3.74025	0	1.49492	0.113123
chr7:855963-856463	1	1.28732	0	0	0
chr7:89808200-89808700	16.36	0	0	0	0
chr7:90892988-90893488	27.48	0.786771	0	2.23288	0
chr7:92250935-92251435	10.84	0.934579	0	0.9078	0
chr7:92747438-92747938	21.6	0	0	0.449823	0
chr7:92794773-92795273	12.44	0.902144	0	1.57361	0
chr7:93584638-93585138	13.24	2.19079	0	0	0
chr7:96626738-96627238	42.36	1.5519	0	2.00247	0.0606145
chr7:96655288-96655788	43.8	0.942115	0	2.42359	0.037089
chr7:99435563-99436063	25.56	0	0	2.08522	0
chr7:99815146-99815646	7	2.20873	0	0	0
chr8:101179490-101179990	7	0	0	0.453365	0.390718
chr8:101661188-101661688	41.72	0	0	0.997776	0.00700121
chr8:103541516-103542016	11.32	0.995942	0	0	0.034483
chr8:107281613-107282113	29.4	1.90253	0	0	0
chr8:110625838-110626338	23.28	0	0	0.94496	0
chr8:11206163-11206663	35.16	1.50658	0	0	0
chr8:11270696-11271196	9.92	0.97075	0	1.48194	0.0285306
chr8:11308883-11309383	8.12	0	0	1.96879	0
chr8:11314104-11314604	6.16	0.559699	0	1.71946	0
chr8:11801105-11801605	15.32	0.818946	0	0	0
chr8:142337332-142337832	9	0	0	3.51449	0.00889459
chr8:144358413-144358913	22.88	0	0	0.872013	0.00718739
chr8:144509263-144509763	51.88	2.18807	0	1.53868	0.00889459
chr8:144660191-144660691	3	0	0	0.528767	0
chr8:145514828-145515328	3	0.933166	0	0.54323	0
chr8:21905863-21906363	32.72	0.998508	0	0.992273	0
chr8:22954407-22954907	12.68	0	0	0.664671	0
chr8:22977431-22977931	21.2	1.63951	0	0	0.0250646
chr8:23314587-23315087	5.4	0.575652	0	0	0
chr8:23571363-23571863	32.08	0	0	0.493859	0.048534
chr8:25232657-25233157	8.88	2.56887	0	0.7571	0
chr8:26371588-26372088	34.72	1.5932	0	0	0
chr8:27172748-27173248	15.04	1.47788	0	0.569836	0.0255251
chr8:27721363-27721863	30.32	0.962041	0	1.4251	0
chr8:29172180-29172680	24.36	0	0	2.73015	0.151516
chr8:29209038-29209538	73.16	0	0	0.768769	0
chr8:37554688-37555188	35.52	0.883409	0	0	0
chr8:37557363-37557863	26.52	1.85307	0	1.62194	0.00889459
chr8:37740996-37741496	11.92	0	0	1.56268	0.0253809
chr8:37756669-37757169	8	0	0	0	0
chr8:37947760-37948260	8.24	1.92063	0	0.652835	0
chr8:37992221-37992721	24.24	1.80199	0	0	0
chr8:38243571-38244071	18.88	0.972165	0	0	0
chr8:40057163-40057663	16.72	0.92961	0	0	0
chr8:41427423-41427923	2	0	0	0.672728	0.0573252
chr8:42034534-42035034	20.32	0	0	0.685186	0.0573252
chr8:48886318-48886818	5	0	0	1.37986	0
chr8:56756393-56756893	15.68	0.980989	0	1.28163	0.0117648
chr8:57069338-57069838	58	0	0	0	0.0132789
chr8:67425926-67426426	18.48	0	0	1.40754	0
chr8:67874088-67874588	43.72	0	0	0	0.0151516
chr8:70946488-70946988	35.84	0.937049	0	0	0
chr8:70980938-70981438	26.76	0	0	0.7784	0
chr8:71594678-71595178	15	0	0	0	0.0151516
chr8:74005713-74006213	28.64	1.92266	0	0	0
chr8:74903331-74903831	21.76	0.846166	0	1.82435	0.0673323
chr8:76315763-76316263	22.92	0	0	0	0.0358682
chr8:76318838-76319338	43.76	1.65679	0	0	0.498734
chr8:8526963-8527463	32.32	1.87288	0	0	0.0338382
chr8:95486999-95487499	14.36	0.991963	0	0	0.0145295
chr8:9640322-9640822	10.88	0	0	0.677827	0
chr8:97173663-97174163	28.08	4.13227	0	0.798958	0
chr9:100274463-100274963	20.72	0	0.64276	2.03002	0
chr9:100610338-100610838	53.92	0	0	0.656805	0
chr9:101049642-101050142	8	1.3826	0	0.973057	0.046909
chr9:1018125-1018625	10.16	1.31606	0	0.896284	0
chr9:102025060-102025560	16.4	0	0.955919	0.985439	0.022899
chr9:102821374-102821874	13.68	0	0	0.875204	0.0182755
chr9:104211248-104211748	6.84	6.33578	0	0	0
chr9:115141414-115141914	13.56	0	0	0.566327	0
chr9:115143063-115143563	29.96	0.835187	0	2.19714	0
chr9:116208188-116208688	18.6	0	0	0	0
chr9:117501057-117501557	21.04	0	0	0.685186	0.0152906
chr9:117768777-117769277	10	0.816478	0	0.660745	0.0861472
chr9:120177713-120178213	21.52	0	0	0.552239	0.0161414
chr9:123131014-123131514	8.32	0	0	1.47005	0.0342442
chr9:124979838-124980338	21.48	0	0	1.74321	0
chr9:124981263-124981763	32.12	0.553949	0	1.85873	0.0217464
chr9:126762563-126763063	48.04	2.52422	0	0	0
chr9:127615366-127615866	11.72	0.573093	0	0.838783	0
chr9:130348315-130348815	5.92	0.996445	0	9.82745	0
chr9:130477199-130477699	6.52	0	0	0	0
chr9:130628771-130629271	9.48	0.913775	0	0.464868	0
chr9:130693307-130693807	12	0	0	0	0.00671145
chr9:130742617-130743117	3.92	0.796707	0	0	0
chr9:130749584-130750084	7.88	0	0	1.50758	0.00688444
chr9:130966588-130967088	26.92	3.54599	0	1.40273	0
chr9:131405647-131406147	17	0	0	0.764487	0
chr9:131445912-131446412	13.12	0.688485	0	0.96101	0
chr9:132646581-132647081	16.72	0	0	1.99643	0.0252471
chr9:133540738-133541238	59.12	1.6743	0	0.526239	0
chr9:133813388-133813888	20.72	0.926621	0	0.731567	0.043619
chr9:133971338-133971838	25.64	2.92098	0	1.572	0
chr9:135248927-135249427	11.4	0.702424	0	0.883959	0
chr9:135248939-135249439	11.4	0.702424	0	0.883959	0
chr9:135302038-135302538	21.68	1.62292	0	0.517483	0.0405516
chr9:135461563-135462063	42.72	0.926474	0	0	0.00671145
chr9:136159822-136160322	5.8	0.890977	0	1.23624	0.0082566
chr9:136464761-136465261	15.08	0	0	24.7443	0.00879513
chr9:136566688-136567188	28	0	0	1.74398	0.018278
chr9:137170791-137171291	6	0	0.776389	20.9479	0
chr9:139607838-139608338	20.8	0.58046	0	0	0.0588239
chr9:139940738-139941238	34.24	0	0	2.45432	0.126883
chr9:140544651-140545151	16	0.931057	0	1.17688	0.0819677
chr9:21975338-21975838	35.84	2.29967	0	0	0.0120968
chr9:22445388-22445888	23.32	0	0	1.39076	0
chr9:33778678-33779178	16.68	0.976222	0	1.72013	0
chr9:34098271-34098771	10.28	0	0	0.704028	0
chr9:34381013-34381513	25.68	1.28985	0	0	0
chr9:34522363-34522863	31.68	0.981121	0	6.99478	0
chr9:34628338-34628838	47.92	2.66862	0	0	0
chr9:35636125-35636625	7	0.645089	0	0	0.0181714
chr9:35689993-35690493	5	0.909219	0	0.545378	0
chr9:36137138-36137638	19.84	0	0	0.496645	0
chr9:36555796-36556296	13.32	1.53939	0	2.56434	0.0177186
chr9:37709961-37710461	9	0.734031	0	0	0
chr9:38437339-38437839	12	0.771179	0	0	0.0435206
chr9:4366624-4367124	12.6	0	0	0.788681	0.0102362
chr9:4686147-4686647	13.56	0.605938	0	1.99995	0
chr9:5841941-5842441	10.64	0	0	2.13415	0
chr9:6039999-6040499	8.24	0.790127	0	0.921587	0.106161
chr9:71318488-71318988	24.48	0.971863	0	0	0
chr9:72646001-72646501	10.88	0	0	1.79877	0.158901
chr9:78504888-78505388	38.12	1.92921	0	0.613563	0
chr9:79009155-79009655	8.24	0.75496	0	0.624928	0.0326799
chr9:80647313-80647813	54.32	0.969136	0.976885	2.65119	0
chr9:80649988-80650488	25.68	0.93276	0	1.62101	0
chr9:80910688-80911188	18.36	0	0	0	0
chr9:86237582-86238082	10.12	2.9476	0	0	0
chr9:86322885-86323385	9	2.85609	0	0	0
chr9:92015564-92016064	20.2	0	0	3.15466	0
chr9:93562718-93563218	7.68	0.629008	0	1.39229	0
chr9:94713013-94713513	28.64	0	0	0.893794	0
chr9:95822880-95823380	22.16	0	0.748675	1.90611	0
chr9:96720938-96721438	37.28	0.901765	0	0.905485	0
chr9:968838-969338	25.32	0.581472	0	0.815959	0.023424
chr9:975938-976438	43.76	1.94405	0	0.536664	0.00711943
chr9:980813-981313	22.48	3.00487	0	0	0
chr9:98782863-98783363	63.56	0.918643	0	0	0.0127971
chr9:99079559-99080059	8.88	3.19515	0	0.844749	0
chr9:99089939-99090439	9	0.672628	0	0	0
chrX:102883976-102884476	2	2.54649	0	2.37658	0
chrX:111981588-111982088	25	0	0	0	0
chrX:117832802-117833302	5	0.963852	0	0.834695	0
chrX:118780417-118780917	8	1.60812	0	0.538926	0
chrX:128915849-128916349	9.84	0.98745	0	0	0
chrX:13031725-13032225	13.24	1.68465	0	0	0.00790894
chrX:133499936-133500436	3.76	0	0	0	0
chrX:134138073-134138573	4	0.915893	0	0.795721	0
chrX:134841570-134842070	5	0.563866	0	0.685186	0
chrX:135740223-135740723	14.88	0.840233	0	0.685186	0.0187558
chrX:136114388-136114888	28.16	3.6097	0	6.24433	0
chrX:153607517-153608017	3	0	0	0	0
chrX:154444516-154445016	7.76	0.918257	0	0.798958	0.0264303
chrX:16118210-16118710	9	0	0	15.8224	0
chrX:18701140-18701640	12.8	0	0	1.45848	0.234376
chrX:19352071-19352571	6	0.936543	0	0.454469	0
chrX:25027463-25027963	24.92	0	0	0.605189	0
chrX:25035913-25036413	30.68	1.92063	0	1.85508	0.0241228
chrX:3213749-3214249	4	0.59117	0	1.6641	0
chrX:37672826-37673326	11.64	0.916923	0	0	0
chrX:37706512-37707012	7.2	0.981682	0	0	0
chrX:38191705-38192205	6.68	0.928488	0	0.836333	0
chrX:46772913-46773413	30.56	0	2.33858	3.3653	0.0275478
chrX:48323510-48324010	8.12	0	0	9.47347	0
chrX:69675735-69676235	11.2	2.4366	0	2.73357	0.0102991
chrX:71525638-71526138	42.88	0	0	2.66962	0.00700121
chrX:71526649-71527149	21.2	2.49994	0	0.990801	0
chrX:9915450-9915950	7.4	0	0	1.66956	0
chrX:99667888-99668388	23.56	0.960584	0	0.99491	0.011102
