chr10:102921420-102921920	0.20185	0	0	2.03488	0.111389	0.278189
chr10:103600827-103601327	0.168208	0	0	1.19418	0.00724953	0.0380255
chr10:103602720-103603220	0.470983	0	0.727098	9.20128	4.70865	0
chr10:103618469-103618969	0.134567	0	0	2.57275	0.260819	0
chr10:104238678-104239178	0.336417	0	0	1.32172	0.738191	0.253261
chr10:105319573-105320073	0.336417	0	5.56308	18.526	13.1686	0
chr10:111897908-111898408	0.134567	0	0	1.02413	0.102355	0
chr10:112255511-112256011	0.168208	0	0	0.58454	0.0325756	0
chr10:11490819-11491319	0.168208	0	0	2.73677	0.132589	0
chr10:1205474-1205974	0.504625	0	0	2.03576	0.211174	0
chr10:12116604-12117104	0.134567	0	0	2.58915	0.300365	0
chr10:121461935-121462435	0.336417	0	0	1.82986	0.206035	0.0872655
chr10:121561300-121561800	0.20185	0	0	3.72494	0.119202	0.0401724
chr10:133590233-133590733	0.4037	0	5.27568	20.3451	14.8293	0
chr10:133727328-133727828	0.370058	0	0	1.34367	0.133741	0
chr10:133733548-133734048	0.269133	0	0	1.71737	0.611884	0
chr10:133994060-133994560	0.4037	0	7.1062	28.3399	18.7244	0.0209784
chr10:134228890-134229390	0.504625	0	5.72896	25.3381	17.8112	0
chr10:134236444-134236944	0.4037	0	0	6.25202	3.90806	0
chr10:134255248-134255748	0.336417	0	5.37451	22.2522	16.1348	0
chr10:134568901-134569401	0.437342	0	1.63451	13.3221	12.7967	0
chr10:134775551-134776051	0.134567	0	0	1.61089	0.204399	0
chr10:134859107-134859607	0.336417	0	4.00513	17.4985	12.5098	0
chr10:134970045-134970545	0.302775	0	9.3787	24.8238	18.0446	0
chr10:135236251-135236751	0.336417	0	0	1.09591	0.00505345	0
chr10:14993835-14994335	0.20185	0	0	1.28859	0.331411	0
chr10:15148338-15148838	0.20185	0	0	0.652698	0.725522	0
chr10:1788893-1789393	0.370058	0	0	7.82618	4.0406	0.0233608
chr10:21503300-21503800	0.4037	0	3.99043	12.5407	8.47292	0.0633186
chr10:23437019-23437519	0.336417	0	4.39462	16.8248	11.3268	0
chr10:29574379-29574879	0.269133	0	0	1.93521	0.026244	0
chr10:29574394-29574894	0.269133	0	0	1.93941	0.026275	0
chr10:33297559-33298059	0.370058	0	0	0.648461	0.0143575	0.331479
chr10:44191724-44192224	0.504625	0	4.84044	30.6903	22.7238	0
chr10:45463504-45464004	0.336417	0	0	0.469297	0.0328763	0.424656
chr10:45748671-45749171	0.168208	0	0	1.69827	0.0567457	0.0471293
chr10:5051277-5051777	0.235492	0	0	0.591329	0.0302764	0
chr10:50801022-50801522	0.168208	0	0	0.644686	0.236022	0
chr10:50814942-50815442	0.134567	0	0	0.294159	0.033482	0
chr10:5859279-5859779	0.370058	0	0	0.788908	0.223974	0.414912
chr10:6193136-6193636	0.168208	0	0	3.68567	0.74542	0
chr10:64611838-64612338	0.168208	0	0	0.516331	0.0279001	0
chr10:65388980-65389480	0.235492	0	0.00096797	2.28092	0.742992	0
chr10:70459052-70459552	0.302775	0	0.12396	1.47544	1.03167	0.0625889
chr10:70865862-70866362	0.370058	0	0	0.426184	0.0419989	0.274758
chr10:71169689-71170189	0.20185	0	0	0.646768	0.192442	0
chr10:71933919-71934419	0.168208	0	0	1.26447	0.0999167	0
chr10:72639716-72640216	0.20185	0	0	0.944975	0.0938048	0.410754
chr10:75118205-75118705	0.235492	0	0	0.268082	0.00716343	0
chr10:75239900-75240400	0.302775	0	0	2.01503	0.306407	0
chr10:75928602-75929102	0.134567	0	0	1.59148	0.112683	0.0233608
chr10:79802046-79802546	0.8074	0	0	1.14702	0.00785691	0
chr10:79803205-79803705	0.740117	0	0	1.74278	0.105002	0.0374383
chr10:8090555-8091055	0.134567	0	0	1.63968	0.015194	0
chr10:81138146-81138646	0.437342	0	0.129071	23.7374	18.7759	0
chr10:89382023-89382523	0.168208	0	0	1.03934	0.0919253	0
chr10:91111935-91112435	0.20185	0	0	4.79187	0.246284	0.0209784
chr10:91174890-91175390	0.134567	0	0	0.869207	0.0123826	0.0422602
chr10:91175119-91175619	0.134567	0	0	2.07999	0.0235434	0
chr10:94457706-94458206	0.168208	0	0.0006302	1.60379	1.00881	0
chr10:97579602-97580102	0.302775	0	0	0.517483	0.01298	0.227124
chr10:97636489-97636989	0.4037	0	0	1.5811	0.211178	0.161673
chr10:97747728-97748228	0.302775	0	0	1.20509	0.0761592	0.141759
chr10:97850038-97850538	0.20185	0	0	1.50866	0.681217	0
chr10:99167068-99167568	0.168208	0	0	0.657754	0.018067	0
chr1:109076078-109076578	0.20185	0	0	3.10333	0.0791242	0
chr1:109246142-109246642	0.302775	0	0	0.886817	0.032949	0
chr11:1022857-1023357	0.470983	0	0.720283	22.4642	17.3547	0
chr1:110778813-110779313	0.168208	0.139883	0	3.15783	1.1552	0
chr1:110889748-110890248	0.168208	0	0	1.19016	0.159026	0
chr11:111299705-111300205	0.134567	0	0	2.18314	1.12062	0.0443392
chr11:111956762-111957262	0.302775	0	0	0.975181	0.0350503	0
chr11:114479415-114479915	0.302775	0	0	0.785294	0.0205846	0.187384
chr11:116643934-116644434	0.336417	0	0	0.659883	0.0397431	0
chr11:117680382-117680882	0.4037	0	6.87004	18.6083	14.9551	0
chr11:117685033-117685533	0.20185	0	0	2.16525	0.30459	0
chr11:118209212-118209712	0.302775	0	0	3.6839	0.0956737	0.264355
chr11:118966191-118966691	0.269133	0	0	0.592247	0.0307632	0.0456551
chr11:119130837-119131337	0.168208	0	0	0.895938	0.143367	0
chr11:121316766-121317266	0.134567	0	0	0.238216	0.00844968	0
chr11:124940583-124941083	0.336417	0	0	2.81105	1.03586	0.696628
chr11:125016298-125016798	0.302775	0	0.0177805	3.29847	1.96951	0.0523564
chr11:125025651-125026151	0.336417	0.167973	0.929852	19.6359	9.65413	0.572587
chr11:126319835-126320335	0.370058	0	4.71644	18.9404	13.0376	0
chr11:126321268-126321768	0.336417	0	7.5097	22.5485	17.9203	0
chr11:129988037-129988537	0.134567	0	0	2.22877	0.200358	0
chr1:113167056-113167556	0.4037	0	0	2.26095	0.962337	0.141952
chr1:113217587-113218087	0.134567	0	0	0.706613	0.0034784	0
chr11:15315461-15315961	0.302775	0	0.000561451	6.19477	3.41015	0
chr1:1158215-1158715	0.336417	0	0.0723117	17.9657	11.2961	0
chr1:117069049-117069549	0.4037	0	0	0.456301	0.0138501	0.177142
chr1:117610357-117610857	0.168208	0	0	1.19728	0.344915	0.25146
chr1:11762184-11762684	0.538267	0	4.55879	28.997	20.9804	0
chr11:1767493-1767993	0.336417	0	1.20516	11.8498	7.46603	0
chr1:11790060-11790560	0.20185	0	4.90757	16.7166	11.0416	0
chr1:11893924-11894424	0.370058	0	1.95534	6.86596	4.91891	0
chr11:1914727-1915227	0.336417	0	0.000125061	5.38183	2.56662	0
chr11:1915149-1915649	0.302775	0	3.20778	10.9882	6.70124	0
chr11:2152841-2153341	0.336417	0	2.39174	27.1548	23.1973	0
chr1:12204783-12205283	0.20185	0	0.00124387	2.73628	1.35303	0
chr1:12256621-12257121	0.168208	0	0	1.30533	0.00314217	0.0456551
chr11:22690024-22690524	0.168208	0	0	0.583036	0.0208251	0.053214
chr11:2309871-2310371	0.4037	0	1.64591	8.61874	5.97331	0
chr11:257702-258202	0.302775	0	0	0.83041	0.0458169	0
chr11:257803-258303	0.302775	0	0	1.44223	0.961553	0.0401724
chr1:12718932-12719432	0.134567	0	0	1.71439	1.04985	0
chr1:1276754-1277254	0.437342	0	1.42835	12.1865	7.55145	0
chr11:3012058-3012558	0.20185	0	0	1.61197	0.0563265	0.0844448
chr11:32915025-32915525	0.168208	0	0	1.27892	0.0123067	0
chr1:1335346-1335846	0.4037	0	0	3.2963	0.147422	0
chr11:35065514-35066014	0.20185	0	0	1.9436	0.0192798	0.0209784
chr11:35162789-35163289	0.20185	0	0	0.324042	0.038573	0.388415
chr11:35168220-35168720	0.470983	0	0	1.40753	0.084277	0.757828
chr1:145715434-145715934	0.168208	0	0	1.09873	0.150456	0
chr1:145772154-145772654	0.134567	0	0	0.34411	0.029799	0.0667412
chr11:46163124-46163624	0.134567	0	0	1.25374	0.0302045	0
chr11:46353928-46354428	0.134567	0	0	0.482534	0.0940755	0
chr11:47361613-47362113	0.4037	0	5.73533	15.4117	11.7579	0
chr11:47377229-47377729	0.672833	0	2.38952	23.2044	16.0074	0
chr11:47378345-47378845	0.504625	0	0.608712	21.9047	18.0601	0
chr11:47433665-47434165	0.168208	0	0	0.613877	0.0110129	0
chr11:47819082-47819582	0.370058	0.276785	0	2.04885	0.170464	0
chr11:496828-497328	0.60555	0	0.129735	13.1569	8.13342	0.0416105
chr1:150535247-150535747	0.504625	0	0	2.33184	0.471083	0
chr1:153700322-153700822	0.134567	0	0	1.31611	0.0473474	0
chr1:1537923-1538423	0.20185	0	6.02054e-05	2.60542	0.811604	0
chr1:153959340-153959840	0.134567	0	0.000949821	2.49398	1.80662	0
chr1:154297655-154298155	0.134567	0	0	1.99702	0.134206	0
chr1:154927839-154928339	0.134567	0	0	0.964537	0.0449654	0.0783183
chr1:155192785-155193285	0.134567	0	0	2.79101	0.101703	0
chr1:155828956-155829456	0.134567	0	0	0.329848	0.00934592	0
chr1:156630125-156630625	0.235492	0	1.87053	9.05858	5.46129	0
chr1:156630956-156631456	0.168208	0	0.999943	4.05333	2.02737	0
chr1:15707349-15707849	0.302775	0	0	2.7401	0.223414	0
chr11:57479282-57479782	0.168208	0	0	0.968947	0.327821	0
chr1:157536365-157536865	0.302775	0	0	0.231312	0.0331671	0.424656
chr1:15761552-15762052	0.336417	0	5.50099	16.41	12.323	0
chr11:58869607-58870107	0.235492	0	0	1.69256	0.0404223	0
chr11:58919214-58919714	0.302775	0	0	1.87574	0.323102	0.0209784
chr11:58919233-58919733	0.302775	0	0	1.89257	0.323436	0.0209784
chr1:159796185-159796685	0.235492	0	0	2.05443	0.202535	0.018262
chr1:160424135-160424635	0.336417	0	0	1.73624	0.143881	0
chr1:160577843-160578343	0.370058	0	0	3.28842	0.0554169	0
chr1:160591346-160591846	0.571908	0	1.08371	7.5409	4.31921	0
chr1:160596492-160596992	1.04289	0	0	1.24859	0.196608	0
chr1:160599918-160600418	0.740117	0	0	2.19921	0.580086	0.0209784
chr1:160602635-160603135	0.538267	0	0	2.219	0.162826	0
chr1:160604742-160605242	0.941967	0	0.996741	6.6673	3.32553	0.0209784
chr1:160614393-160614893	0.437342	0	0	2.7464	0.370409	0
chr1:160677800-160678300	0.336417	0	0	0.824259	0.0720411	0.0209784
chr11:60691621-60692121	0.134567	0	0	1.44119	0.160558	0
chr11:61301599-61302099	0.302775	0	1.97906	13.2565	6.97149	0
chr1:161337429-161337929	0.20185	0.315097	0	1.58358	0.225869	0.0209784
chr11:61594621-61595121	0.134567	0	0	0.44721	0.00815072	0
chr1:161688955-161689455	0.20185	0	0	1.96244	0.420191	0
chr11:62305930-62306430	0.336417	0	0	2.11766	1.09115	0
chr11:62334386-62334886	0.302775	0	0	3.2919	0.421712	0.0462119
chr11:62628564-62629064	0.168208	0	0.000167441	2.06532	0.312303	0
chr1:16275043-16275543	0.20185	0.0618813	0	1.76753	0.0533022	0
chr11:63997799-63998299	0.20185	0	0	1.72795	0.218121	0
chr11:64465478-64465978	0.302775	0	0.0227835	7.14991	4.72931	0
chr11:64554976-64555476	0.336417	0	0	1.11958	0.106518	0.0374383
chr11:64647909-64648409	0.168208	0	0	1.4845	0.0389237	0
chr11:64879140-64879640	0.269133	0	0	0.256421	0.0568747	0
chr11:65190069-65190569	0.639192	0	0	1.06423	0.146689	0.398028
chr11:65194294-65194794	1.44659	0	0	3.81676	1.91338	0.0233608
chr11:65209381-65209881	0.302775	0	0	1.37297	0.0640529	0
chr11:65213579-65214079	0.235492	0	0	0.789543	0.0225821	0
chr11:65223328-65223828	0.134567	0	0	1.09489	0.0372622	0
chr11:66188982-66189482	0.504625	0	0	0.708674	0.0467754	0
chr11:6676173-6676673	0.302775	0	0.104942	11.8072	5.12952	0
chr11:66773900-66774400	0.134567	0	0	2.04814	0.436244	0
chr1:16713845-16714345	0.168208	0	0	1.42789	0.0361119	0
chr11:67384606-67385106	0.302775	0	0	1.64163	0.214295	0.0233608
chr1:167522338-167522838	0.134567	0	0	0.451585	0.00326789	0
chr1:168242680-168243180	0.168208	0	0	1.11139	0.0800751	0.25406
chr1:168541924-168542424	0.20185	0	0	1.26131	0.0788098	0
chr11:68615778-68616278	0.336417	0	2.90236	8.30048	5.50802	0.0504149
chr11:68710333-68710833	0.168208	0	0	2.06379	0.012218	0.0207007
chr1:169060660-169061160	0.20185	0	0	1.43623	0.856694	0
chr11:69410530-69411030	0.370058	0	6.99792	28.9217	22.7495	0
chr11:71281416-71281916	0.370058	0	1.98067	13.4237	8.22125	0
chr11:71288437-71288937	0.504625	0	5.49857	22.2323	16.9582	0
chr11:71288441-71288941	0.504625	0	5.49865	22.7097	16.9632	0
chr11:73682242-73682742	0.437342	0	0	2.75188	0.904396	0.141759
chr1:173831430-173831930	0.470983	0	0	1.59446	0.129426	0.0233608
chr11:75118791-75119291	0.437342	0	0	0.223074	0.153166	0
chr11:7517319-7517819	0.168208	0	0	2.25792	0.100804	0.286293
chr1:179058016-179058516	0.168208	0	0	1.55782	0.242637	0
chr1:182858169-182858669	0.302775	0	0	1.30348	0.0202883	0
chr1:183866582-183867082	0.336417	0	0	1.64931	0.221479	0
chr11:8407691-8408191	0.134567	0	0	0.17352	0.00890607	0.0233608
chr1:1869173-1869673	0.370058	0	1.56601	19.5316	12.8871	0
chr1:1870392-1870892	0.370058	0	0.712445	10.19	6.41568	0.0381301
chr1:1902177-1902677	0.4037	0	4.65193	23.1868	17.4548	0
chr1:192672834-192673334	0.4037	0.139114	0	2.28429	0.261871	0.523406
chr11:93461329-93461829	0.437342	0	0	1.40046	0.836189	0
chr11:93462069-93462569	0.470983	0	0	1.417	0.0168445	0
chr11:94006038-94006538	0.20185	0	0	2.35161	0.0504836	0.0233608
chr11:94014425-94014925	0.134567	0	0	1.75026	0.0803442	0
chr1:19535880-19536380	0.168208	0	0	4.86391	1.21057	0
chr1:197745385-197745885	0.20185	0	0	2.50498	0.300633	0
chr1:198730412-198730912	0.336417	0	2.58811e-05	2.25652	0.631132	0.0233608
chr1:200976386-200976886	0.370058	0	10.6046	31.6433	23.6965	0
chr1:203275776-203276276	0.302775	0	2.14331	7.4904	4.75499	0.295521
chr1:204387490-204387990	0.168208	0	0	3.05861	0.494878	0
chr1:204684007-204684507	0.168208	0	0	1.14646	0.0692567	0.414912
chr1:20492031-20492531	0.302775	0	3.74817	11.5305	7.89052	0.0203423
chr1:205638675-205639175	0.168208	0.0746199	0	3.40401	1.20706	0
chr1:206639316-206639816	0.20185	0	0	1.11634	0.205177	0.49542
chr1:206857894-206858394	0.134567	0	0	0.508413	0.00457153	0.384415
chr1:206990083-206990583	0.168208	0	0	0.736473	0.0684988	0.0478981
chr1:207097561-207098061	0.941967	0	0.956816	22.9181	18.3028	0
chr1:207563346-207563846	0.336417	0.103079	0	2.74493	0.249125	0.213998
chr1:209727944-209728444	0.336417	0	0.478572	10.373	8.2606	0
chr12:102250784-102251284	0.20185	0	0	3.04608	0.245643	0.523406
chr12:103942986-103943486	0.302775	0	0.00102158	1.55033	0.930486	0
chr12:109035614-109036114	0.336417	0	0	0.923762	0.0495092	0
chr12:110265193-110265693	0.370058	0	7.22648	20.779	15.9229	0
chr12:110443125-110443625	0.235492	0	0.0400131	2.00228	1.22378	0.0209784
chr12:111016043-111016543	0.302775	0.141675	0	0.491026	0.0144565	0
chr12:111367982-111368482	0.504625	0	6.76064	22.6671	16.0936	0
chr12:111881985-111882485	0.538267	0	0	1.74865	0.332454	0
chr12:112431591-112432091	0.235492	0	0	1.40466	0.189502	0
chr12:112533823-112534323	0.370058	0	0	0.757016	0.10227	0.0233608
chr12:114753213-114753713	0.370058	0	2.05806	15.6835	9.65554	0
chr12:117580763-117581263	0.269133	0	0	3.08579	0.471534	0
chr12:121838342-121838842	0.302775	0	0	1.44106	0.414296	0
chr12:122249808-122250308	0.134567	0	0	1.25286	0.0701962	0
chr12:122514756-122515256	0.168208	0	0	0.945551	0.0408012	0.247011
chr12:123293668-123294168	0.20185	0	0	0.587714	0.0112536	0
chr12:123450466-123450966	0.134567	0	0	1.28	0.00798929	0
chr12:123911976-123912476	0.336417	0	0	1.17192	0.193016	0
chr12:124246368-124246868	0.235492	0	0	0.506594	0.00808768	0
chr12:12480616-12481116	0.134567	0	0	0.889018	0.00741262	0
chr12:124818287-124818787	0.504625	0	4.3788	18.0321	13.2571	0
chr12:125395016-125395516	0.841042	0	0	1.45075	0.0901278	0
chr12:125479102-125479602	0.235492	0	0	0.683212	0.017404	0
chr12:12850023-12850523	0.336417	0	0	0.65614	0.029705	0.25339
chr12:12872324-12872824	0.20185	0	0	0.632402	0.195525	0.948062
chr12:129240091-129240591	0.336417	0	0	0.642934	0.725517	0.0521847
chr12:129240105-129240605	0.336417	0	0	0.641729	0.728226	0.0521847
chr12:129276459-129276959	0.302775	0	0	1.31586	0.550856	0
chr12:129341188-129341688	0.168208	0	0.00125053	2.4881	0.519579	0
chr12:131212946-131213446	0.571908	0	5.89729	28.949	19.8229	0
chr12:131493988-131494488	0.336417	0	1.38503	15.0832	6.28441	0
chr1:213176425-213176925	0.20185	0	0	0.459788	0.0347785	0
chr12:132349758-132350258	0.302775	0	0.000729998	2.37098	1.80297	0
chr12:1715164-1715664	0.235492	0	0	0.232222	0.0230572	0.0380255
chr12:22199414-22199914	0.134567	0	0	1.41385	1.28981	0
chr1:22379944-22380444	0.134567	0	0	0.782119	0.0338918	0
chr1:22430630-22431130	0.470983	0	0	1.91555	0.231442	0
chr1:22445320-22445820	0.336417	0	2.00495	5.75376	4.02265	0
chr12:25538826-25539326	0.20185	0	0	1.44819	0.0188207	0
chr1:228645141-228645641	0.20185	0	0	0.63454	0.0125063	0
chr1:229406834-229407334	0.168208	0	0	0.866691	0.0400846	0
chr1:2303386-2303886	0.470983	0	0.236744	8.30841	5.62218	0
chr1:231146843-231147343	1.07653	0	0	0.805447	0.0830016	0
chr1:231147166-231147666	0.706475	0	0	0.928057	0.0455152	0
chr1:233417547-233418047	0.168208	0	0	0.979976	0.279252	0
chr1:23357485-23357985	0.134567	0	0	1.50174	0.417939	0.0233608
chr1:235492078-235492578	0.20185	0	0	1.86988	0.0867929	0.467618
chr12:3852928-3853428	0.269133	0	0	3.15051	0.231165	0
chr1:23928544-23929044	0.336417	0	0	1.34173	0.169152	0.388482
chr1:24290723-24291223	0.639192	0	0	1.432	0.0548683	0
chr1:24329814-24330314	0.134567	0	0	1.29673	0.123377	0
chr1:243417501-243418001	0.302775	0	0	1.03094	0.0447777	0
chr12:44229051-44229551	0.336417	0	1.22008	9.53184	6.64959	0
chr1:245012554-245013054	0.370058	0	0	0.888364	0.0760615	0
chr1:245103524-245104024	0.134567	0	0	0.497951	0.00964988	0
chr1:245305573-245306073	0.370058	0	0	1.83705	0.531741	0
chr12:46751171-46751671	0.437342	0	0	1.31854	0.0394826	0.0446352
chr1:247569454-247569954	0.470983	0	0	0.661981	0.0579297	0
chr1:25069938-25070438	0.134567	0	0	1.05346	0.12837	0.123227
chr12:50911452-50911952	0.269133	0	0	1.65379	0.0620037	0.128896
chr12:51219021-51219521	0.336417	0	0	1.40345	0.842815	0.0233608
chr1:25190522-25191022	0.470983	0	2.86695	8.73141	5.89738	0
chr12:51912427-51912927	0.168208	0	0.999913	5.38275	2.11114	0
chr1:25297390-25297890	0.370058	0	4.5306	17.5402	11.3907	0
chr12:53496641-53497141	0.134567	0	0.000693723	4.21816	1.51484	0
chr12:54681628-54682128	0.538267	0	0	0.756361	0.579488	0
chr12:54940563-54941063	0.302775	0	0	0.585675	0.00756705	0
chr12:54942837-54943337	0.504625	0	0.000741373	8.62987	4.93571	0
chr12:54996915-54997415	0.20185	0	0	2.06216	0.429893	0
chr1:25520556-25521056	0.336417	0	2.18116	18.8149	13.5017	0.0933473
chr12:56709887-56710387	0.269133	0	0	1.4616	0.0124171	0
chr12:56966669-56967169	0.134567	0	0	0.253648	0.0451022	0
chr12:57055497-57055997	0.302775	0	0.000604231	1.46465	1.08875	0
chr12:57623475-57623975	0.134567	0	0	1.35439	0.00583249	0
chr12:57873481-57873981	0.4037	0	0	1.97798	0.326533	0
chr12:58134758-58135258	0.134567	0	0.982966	4.25959	2.34503	0.104743
chr12:58237196-58237696	0.20185	0	0	0.822283	0.0622428	0.0203423
chr12:6031939-6032439	0.470983	0	8.70184	20.6889	14.5613	0
chr1:26101291-26101791	0.470983	0	0	0.884211	0.059243	0.0846659
chr1:26362354-26362854	0.134567	0	0	1.4544	0.0229407	0
chr12:65556309-65556809	0.168208	0	0	1.10172	0.0285969	0.0209784
chr12:6960191-6960691	0.20185	0	0	0.644177	0.227153	0.128896
chr12:7065399-7065899	0.168208	0	0	1.73001	0.0350059	0
chr12:78209829-78210329	0.20185	0	0	1.41438	0.986765	0.0475896
chr1:27958856-27959356	0.60555	0	0	1.62898	0.471932	0.445351
chr12:79925859-79926359	0.302775	0	0	0.233255	0.0599241	0
chr12:804302-804802	0.470983	0	4.35485	13.897	9.23771	0.0233608
chr12:80580401-80580901	0.336417	0.911846	0	0.981809	0.880021	0.286293
chr12:8218873-8219373	0.134567	0	0	1.37403	0.504652	0.0233608
chr1:28571027-28571527	0.4037	0	0	1.0932	0.0922308	0
chr1:28903728-28904228	0.370058	0	0	0.422139	0.0207688	0.0233608
chr1:28925542-28926042	0.134567	0	0	2.22568	0.91872	0
chr12:94018656-94019156	0.302775	0	0	1.81373	0.786989	0.0521847
chr12:95576561-95577061	0.538267	0.385973	0	0.989418	0.108631	0
chr12:95576603-95577103	0.538267	0.385973	0	1.28124	0.0888984	0
chr12:96392432-96392932	0.168208	0	0	1.0593	0.0439923	0
chr12:9872335-9872835	0.302775	0	0	1.9114	0.286024	0.527852
chr12:9946277-9946777	0.134567	0	0	1.4514	0.19842	0
chr13:100067177-100067677	0.370058	0	4.67306	25.3445	17.7893	0
chr13:100129433-100129933	0.538267	0	7.91668	18.7114	14.1498	0
chr13:100555477-100555977	0.302775	0	1.99305	6.07117	4.61514	0
chr13:110760809-110761309	0.370058	0	3.70178	22.7142	16.4212	0
chr13:111288504-111289004	0.437342	0	0.0447778	10.3583	6.97315	0
chr13:111526151-111526651	0.538267	0	1.82208	23.6762	14.2994	0
chr13:111568678-111569178	0.336417	0.734784	0	0.873327	0.261272	0.672891
chr13:111597115-111597615	0.504625	0	4.13384	11.3072	8.39546	0
chr13:111956469-111956969	0.302775	0	0	0.518483	0.0100722	0
chr13:112773719-112774219	0.370058	0	0.00359074	13.527	8.09026	0
chr13:113005437-113005937	0.370058	0	0.000263885	8.91767	2.57567	0
chr13:113320266-113320766	0.336417	0	2.82519	26.0018	18.3378	0.286293
chr13:113773747-113774247	0.336417	0	1.7752	17.545	12.3794	0
chr13:114436867-114437367	0.336417	0	4.87417	13.3249	9.26404	0
chr13:114459122-114459622	0.437342	0	6.28377e-05	8.61196	4.77278	0
chr13:114459132-114459632	0.437342	0	6.28377e-05	8.61196	4.77337	0
chr13:114497462-114497962	0.302775	0	0.000166899	2.91962	1.96956	0
chr13:114907163-114907663	0.538267	0	5.83768	28.0575	22.2952	0
chr13:114912104-114912604	0.168208	0	0.976316	4.41505	1.56226	0.739894
chr13:115080377-115080877	0.235492	0	0	1.36536	0.0934526	0.0369158
chr13:20142043-20142543	0.20185	0	0	1.63649	0.262618	0.0209784
chr13:20967349-20967849	0.269133	0	0.00200918	18.0289	6.17469	0
chr13:21292192-21292692	0.370058	0	1.91351	15.4358	8.25307	0.0454018
chr13:24845741-24846241	0.20185	0	0	0.974548	0.0409345	0.0233608
chr13:24960858-24961358	0.302775	0	0	3.64389	0.896602	0
chr1:32796891-32797391	0.336417	0	0	1.41063	0.0860181	0
chr1:33523959-33524459	0.134567	0	0	1.56219	0.124295	0.0424405
chr13:37393849-37394349	0.134567	0	0	0.627025	0.0611907	0
chr13:45906368-45906868	0.336417	0	0	2.1405	0.525496	0.0209784
chr13:46698867-46699367	0.941967	0	0	0.359929	0.00755385	0.0207573
chr13:46747749-46748249	0.639192	0	0	2.05712	0.0874894	0.671301
chr1:3502658-3503158	0.370058	0	0.940046	16.3422	8.99579	0
chr13:52378037-52378537	0.134567	0	0	0.291735	0.0526932	0
chr1:35251988-35252488	0.134567	0	0.000123679	6.86376	2.09515	0
chr13:53029408-53029908	0.168208	0	0	0.595846	0.0170332	0
chr1:3563097-3563597	0.168208	0	5.60474e-05	4.25357	0.940511	0
chr1:35639669-35640169	0.470983	0	0	1.63009	0.0153918	0
chr1:35667663-35668163	0.20185	0	0	2.6957	0.386166	0.213998
chr13:76153473-76153973	0.168208	0	0	0.972077	0.0217764	0.0392404
chr13:77913400-77913900	0.269133	0	0	1.54767	0.667162	0
chr13:78090323-78090823	0.302775	0	0	1.97982	0.271138	0.292717
chr13:78102905-78103405	0.134567	0	0	1.7025	0.178542	0
chr13:92009314-92009814	0.370058	0	0	1.29126	0.488459	0
chr13:92010595-92011095	0.504625	0	0	1.33153	0.0410976	0
chr13:99952056-99952556	0.4037	0	0	2.62512	0.343384	0
chr13:99954710-99955210	0.370058	0	0	2.26992	0.139427	0.0209784
chr13:99958546-99959046	0.302775	0	0.0360329	3.11981	1.18644	0
chr14:101173010-101173510	0.4037	0	4.25318	21.1594	14.4974	0
chr14:102523542-102524042	0.302775	0	1.74282	14.6746	11.8775	0
chr14:103223444-103223944	0.168208	0	0	1.63921	0.12437	0
chr14:103811422-103811922	0.336417	0	0	1.56534	0.0934012	0
chr14:103838339-103838839	0.370058	0	6.94569	17.2349	11.1545	0
chr14:104041147-104041647	0.302775	0	0.857041	7.13918	3.23827	0
chr14:104041298-104041798	0.302775	0	0.857041	6.34867	3.2348	0
chr14:105058543-105059043	0.470983	0	1.08259	22.7756	15.8291	0
chr14:106034432-106034932	0.470983	0	4.88719	21.9434	15.6758	0
chr1:41315409-41315909	0.134567	0	0	4.64139	1.59616	0
chr14:21674130-21674630	0.538267	0	0	2.69954	0.915349	0.0470043
chr14:22978048-22978548	0.470983	0	0	0.987662	0.0415859	0.0446352
chr14:23001805-23002305	0.773758	0	0	0.884487	0.0404037	0
chr14:23246554-23247054	0.269133	0	0	1.03167	0.181566	0
chr14:23345183-23345683	0.336417	0	0	4.62861	0.387729	0
chr14:23950519-23951019	0.134567	0	0	2.73769	0.35511	0
chr14:24766163-24766663	0.235492	0	0	2.48311	0.322992	0.0233608
chr14:31591358-31591858	0.302775	0	2.61113	9.64788	6.99987	0
chr14:35203715-35204215	0.4037	0	5.64254	17.9759	12.3249	0
chr14:35822092-35822592	0.538267	0	4.58602	15.5239	11.7697	0
chr14:35831933-35832433	0.302775	0	2.92716	12.6692	8.2749	0.0889946
chr14:35832100-35832600	0.302775	0	2.92716	13.9172	8.34024	0
chr14:39915353-39915853	0.336417	0	0	1.15426	0.039364	0.818878
chr14:50700578-50701078	0.302775	0	0	1.83748	0.180272	0.277421
chr14:50779271-50779771	0.168208	0	0	0.897782	0.0977119	0
chr14:52818954-52819454	0.168208	0	0	1.21207	0.0420076	0.0233608
chr14:53657697-53658197	0.336417	0	0.999843	5.35284	2.04448	0.410754
chr14:54380608-54381108	0.370058	0	2.97512	18.335	13.8867	0.0209784
chr1:45484227-45484727	0.134567	0	0	3.52703	0.170714	0
chr14:54902111-54902611	0.336417	0.721041	0	3.26153	0.708891	0
chr14:55840491-55840991	0.60555	0.623796	0	1.98497	0.174982	0.778718
chr14:60650981-60651481	0.168208	0	0	0.799393	0.276498	0
chr14:64916865-64917365	0.302775	0	0	2.01044	0.126437	0.690957
chr14:65152808-65153308	0.336417	0	1.38236	13.3761	8.93405	0
chr14:65837601-65838101	0.4037	0	0	2.28508	0.11079	0.696628
chr14:69253482-69253982	0.941967	0	0	1.67354	0.0418177	0
chr14:70077875-70078375	0.134567	0	0	1.29907	0.0513274	0
chr14:74551452-74551952	0.20185	0	0	0.768666	0.0159305	0
chr14:75075712-75076212	0.134567	0	0	2.12336	1.12276	0
chr14:76740655-76741155	0.168208	0	0	2.13474	0.470066	0.256649
chr14:77500147-77500647	0.20185	0	0	2.23245	0.511872	0
chr14:77600052-77600552	0.134567	0	0	0.626218	0.0799481	0
chr14:77624672-77625172	0.336417	0	0.572422	10.5432	6.33896	0
chr1:47817032-47817532	0.302775	0.124217	0	2.76846	0.295774	0.208924
chr14:95672802-95673302	0.134567	0	0	2.06366	0.336733	0
chr15:101622050-101622550	0.437342	0	1.66058	23.2745	17.9005	0
chr1:51395802-51396302	0.4037	0	0	1.62901	0.0309165	0.438273
chr1:51767343-51767843	0.134567	0	0	0.257906	0.0108307	0
chr15:23027383-23027883	0.235492	0	0	1.66084	0.574096	0
chr15:23031330-23031830	0.168208	0	0	2.90924	0.314356	0
chr1:53125015-53125515	0.941967	0.568643	0	2.50744	0.153505	0.0454018
chr15:31726919-31727419	0.269133	0	0	2.00205	0.0397703	0
chr1:53743869-53744369	0.841042	0	0	1.90343	0.0867717	0.770663
chr15:40225926-40226426	0.168208	0	0	0.154018	0.00354436	0
chr15:40474814-40475314	0.20185	0	0	1.70527	0.07349	0
chr15:40701600-40702100	0.168208	0	2.22633e-05	1.69822	0.561582	0
chr15:41757945-41758445	0.168208	0	0	0.507777	0.191433	0
chr15:42325000-42325500	0.370058	0	0.499146	10.0223	6.43244	0
chr15:42447309-42447809	0.4037	0	0.862184	19.2807	12.6487	0
chr15:45004588-45005088	0.336417	0	0	0.527432	0.160444	0
chr15:45011721-45012221	1.2111	0	0	1.19543	0.160449	0
chr15:52300193-52300693	0.20185	0.104457	0	1.61186	0.107557	0.0937243
chr15:52471660-52472160	0.168208	0	0	1.3702	0.0553552	0
chr15:57612313-57612813	0.4037	0	2.97644	10.2875	7.44446	0.0326657
chr15:58807901-58808401	0.538267	0	0	1.43933	0.0317076	0.926281
chr15:59698597-59699097	0.336417	0	0	1.62091	0.0778808	0
chr15:63481295-63481795	0.168208	0	0	0.667046	0.0408942	0
chr15:64736074-64736574	0.470983	0	0	1.8234	0.0346897	0.161673
chr15:65425993-65426493	0.269133	0	0	1.82798	0.054432	0
chr15:65589902-65590402	0.20185	0	0	0.451159	0.00624506	0
chr15:69087731-69088231	0.168208	0	0	1.62454	0.121826	0
chr15:69748855-69749355	0.269133	0	0	1.86589	0.229412	0
chr15:72081743-72082243	0.302775	0	5.4955	14.3475	10.2579	0
chr15:72519450-72519950	0.302775	0	0	0.860972	0.0402532	0
chr15:74723776-74724276	0.134567	0	0	2.10823	0.0771659	0.123227
chr15:74918594-74919094	0.4037	0	0	1.28323	0.508201	0
chr15:74922733-74923233	0.20185	0	0	1.43296	0.0419732	0
chr15:75091730-75092230	0.134567	0	5.98122e-05	2.96177	1.26317	0
chr15:75149413-75149913	0.336417	0	0	2.14482	0.641671	0
chr15:75506136-75506636	0.437342	0	0	0.311816	0.0188964	0
chr15:75507736-75508236	0.437342	0	0	0.716733	0.0068058	0
chr15:76129280-76129780	0.20185	0	0	0.721323	0.0396214	0
chr15:78236655-78237155	0.134567	0	0	1.29467	1.00148	0.0889946
chr15:78342627-78343127	0.235492	0	0	2.55613	0.691131	0
chr15:83761085-83761585	0.504625	0	0	2.36176	0.15005	0.523406
chr15:85278827-85279327	0.235492	0	0	1.04908	0.0693075	0.0233608
chr15:90734189-90734689	0.134567	0	0	0.691536	0.0318047	0
chr15:91200711-91201211	0.4037	0	0	2.54301	0.0891277	0
chr15:91240415-91240915	0.134567	0	0	0.696944	0.0132827	0
chr1:6090761-6091261	0.4037	0	5.37058	17.2381	12.3649	0
chr16:10822686-10823186	0.302775	0	1.97598	19.1352	9.33232	0
chr16:11023567-11024067	0.336417	0	0	1.82721	0.142088	0
chr16:11404953-11405453	0.336417	0	0	2.75398	0.151373	0
chr16:11766582-11767082	0.168208	0	0.00720148	2.40066	0.975175	0
chr16:12008362-12008862	0.168208	0	0	1.53868	0.101917	0
chr16:12188959-12189459	0.134567	0	0	0.755947	0.0650032	0
chr16:1314424-1314924	0.302775	0	9.66727	29.5723	23.2156	0
chr16:1578300-1578800	0.302775	0	4.92917	18.4458	13.1537	0
chr16:1777216-1777716	0.437342	0	0.000274428	10.2182	2.0378	0
chr16:1820449-1820949	0.370058	0	3.39769e-05	1.71188	0.675737	0
chr16:20861109-20861609	0.437342	0	0	0.734453	0.0610391	0.128896
chr16:2097255-2097755	0.134567	0	0	1.46264	0.132208	0
chr16:22203107-22203607	0.168208	0	0	2.8781	0.178855	0
chr16:22218395-22218895	0.168208	0	0	1.81878	0.662586	0
chr16:22946105-22946605	0.370058	0	1.06646	10.6876	7.18644	0.0233608
chr16:23206893-23207393	0.370058	0	0	3.15199	1.01411	0.270732
chr16:23663222-23663722	0.370058	0.397734	0	1.12679	0.0990592	0.0889946
chr16:27379308-27379808	0.336417	0	0	1.67198	0.0419534	0.147664
chr16:27383785-27384285	0.168208	0	0	1.41497	0.448555	0.250031
chr16:27419324-27419824	0.571908	0.101807	0	1.96734	0.372568	0
chr16:27450483-27450983	0.706475	0	6.1814	24.5649	18.2741	0
chr16:27463867-27464367	0.504625	0	0	2.0823	0.068438	0
chr16:27589954-27590454	0.134567	0	0	1.20184	0.176965	0
chr16:28499927-28500427	0.168208	0	0	1.49188	0.197315	0.0253407
chr16:28512448-28512948	0.302775	0	3.78717	24.1556	17.8618	0
chr16:30032777-30033277	0.134567	0	0	1.74992	0.022348	0
chr16:30077167-30077667	0.134567	0	0.000122462	2.7732	0.924752	0
chr16:30538160-30538660	0.134567	0	0.000102983	2.54438	0.837765	0.0948675
chr16:30906925-30907425	0.370058	0	2.77651	13.1646	7.52024	0
chr1:63091120-63091620	0.504625	0.389817	0	1.68363	0.0960291	0.0209784
chr16:31208971-31209471	0.370058	0	0	1.16762	0.0398795	0
chr16:31210737-31211237	0.571908	0	0	5.05573	0.414988	0
chr16:31711680-31712180	0.134567	0	0	0.636015	0.0990594	0
chr16:46856212-46856712	0.370058	0	0	0.593464	0.0359358	0
chr16:46863227-46863727	0.336417	0.660852	0	0.803929	0.0750368	0
chr16:4718078-4718578	0.504625	0	2.54352	13.7034	10.0713	0.0844681
chr16:4718290-4718790	0.504625	0	5.5655	25.2145	19.7516	0
chr16:4718302-4718802	0.504625	0	5.58828	25.773	20.7338	0
chr16:4740322-4740822	0.504625	0	0.782377	10.9481	5.00458	0
chr16:50012472-50012972	0.370058	0	0	10.9639	3.69995	0
chr16:54279562-54280062	0.437342	0	3.67181	14.1065	9.70249	0
chr16:57347372-57347872	0.437342	0	4.80112	16.6749	12.0432	0.0415984
chr16:57348270-57348770	0.134567	0	0	1.80127	0.332036	0.527852
chr16:57400427-57400927	0.470983	0	0	1.68391	0.076375	0
chr16:57662529-57663029	0.336417	0	4.4373	19.9103	12.7381	0
chr16:57985010-57985510	0.302775	0	0	1.07808	0.0280757	0
chr16:58248817-58249317	0.168208	0	0	1.78641	0.144425	0.0832028
chr16:612205-612705	0.336417	0	3.97026	14.5009	10.1414	0
chr16:67600522-67601022	0.134567	0	0	0.777699	0.126628	0
chr16:68318024-68318524	0.538267	0	0	1.3275	0.103634	0.491434
chr1:66861335-66861835	0.20185	0	0	1.98612	0.805455	0.0429879
chr16:70610187-70610687	0.504625	0	0.000241944	1.35805	0.935654	0
chr16:71852006-71852506	0.504625	0	0	0.631061	0.16127	0.388482
chr16:75132250-75132750	0.134567	0	0	1.32383	0.111933	0
chr16:75186533-75187033	0.302775	0	0	0.520403	0.0351346	0
chr16:81748826-81749326	0.336417	0	0	1.72307	1.07168	0.211553
chr16:84612405-84612905	0.4037	0	3.14324	16.9676	13.1206	0
chr16:84637874-84638374	0.168208	0	0	4.13582	0.174481	0
chr16:84999525-85000025	0.470983	0	2.14246	20.6264	14.9689	0
chr16:85623968-85624468	0.538267	0	2.59158	21.6422	14.2151	0
chr16:85860320-85860820	0.336417	0	3.9923	16.1104	10.9714	0
chr16:85956949-85957449	0.504625	0	0	1.1737	0.137662	0
chr16:86587348-86587848	0.134567	0	0	1.23008	0.0534344	0
chr16:87097021-87097521	0.370058	0	4.55578	12.3465	7.61609	0.0233608
chr16:88856965-88857465	0.134567	0	0	1.85807	0.22926	0
chr16:89190628-89191128	0.336417	0	0	18.2151	8.66716	0
chr16:89228054-89228554	0.370058	0	0.00055672	5.25295	2.60253	0
chr16:90061410-90061910	0.470983	0	0	0.0133038	0.000546506	0
chr16:9262888-9263388	0.336417	0	2.45037	8.2035	6.11781	0
chr1:70877697-70878197	0.235492	0.0982553	0	0.313503	0.0673259	0
chr17:10017799-10018299	0.235492	0	0.999928	4.14191	2.356	0.0919875
chr17:10029478-10029978	0.302775	0	6.07608	21.6809	14.9962	0
chr17:10029546-10030046	0.302775	0	6.07608	21.6702	14.9898	0
chr17:13947997-13948497	0.168208	0	0	0.960978	0.0306203	0.250031
chr1:71545704-71546204	0.168208	0	0	1.90687	0.795573	0.398028
chr17:1598666-1599166	0.134567	0	0	1.58549	0.810339	0
chr17:16322754-16323254	0.235492	0	0	2.17242	0.136206	0.0233608
chr17:16346457-16346957	0.370058	0	0	1.3785	0.0307598	0.0209784
chr17:18753468-18753968	0.4037	0	0	6.91742	4.5494	0
chr17:19649666-19650166	0.302775	0	4.84648	11.3182	8.2729	0
chr17:19657935-19658435	0.370058	0	0	2.2924	0.0629938	0.0878181
chr17:1966053-1966553	0.470983	0	0	1.26088	0.0487576	0
chr17:20901335-20901835	0.370058	0	0	2.50649	0.0739485	0
chr17:20901691-20902191	0.470983	0	0	2.4768	0.661377	0
chr17:21247637-21248137	0.8074	0	0.875651	10.7872	6.85648	0
chr17:26622850-26623350	0.302775	0.0889623	0	0.53892	0.0130679	0.56529
chr17:27277329-27277829	0.20185	0	0	0.657744	0.00828095	0
chr17:28705161-28705661	0.134567	0	0	3.55691	0.793629	0.523406
chr17:30810690-30811190	0.336417	0	0	0.486141	0.00274277	0
chr17:32569520-32570020	0.235492	0	0	1.72067	0.0378674	0.0889946
chr17:32709544-32710044	0.134567	0.141132	0	3.69463	0.0694416	0
chr17:34948030-34948530	0.302775	0	0	0.231621	0.0415927	0
chr17:35013610-35014110	0.470983	0	3.57163	11.6434	8.47168	0.0415984
chr17:35754569-35755069	0.20185	0	0	1.3129	0.039826	0.0209784
chr17:3694706-3695206	0.168208	0	0	1.60772	0.381922	0
chr17:37082898-37083398	0.134567	0	1.61838	4.6779	2.82697	0
chr17:37640428-37640928	0.235492	0	0	2.84618	0.526099	0.555156
chr17:3808426-3808926	0.20185	0	0	4.10619	0.695063	0
chr17:38220377-38220877	0.235492	0	0.0377657	10.4812	6.06845	0
chr17:38256731-38257231	0.134567	0	0	1.52424	0.0818838	0
chr17:38697237-38697737	0.336417	0	3.46021	11.2205	7.10998	0.527852
chr17:3888192-3888692	0.336417	0	0	5.10807	0.70505	0
chr17:42143536-42144036	0.134567	0	0	1.91492	0.0233828	0
chr17:42313814-42314314	0.168208	0	0	1.02639	1.03383	0
chr17:43100145-43100645	0.20185	0	0	0.534645	0.0446058	0
chr17:4415673-4416173	0.470983	0	2.17934	10.1049	5.71097	0
chr17:45765324-45765824	0.302775	0	0	1.40377	0.052877	0
chr17:46912221-46912721	0.134567	0	0	1.58056	0.220105	0
chr17:47485286-47485786	0.134567	0	0	1.176	0.0123199	0
chr17:47643341-47643841	0.134567	0	0	1.98045	0.672041	0
chr17:47823002-47823502	0.168208	0	0	1.86458	0.877543	0
chr17:47841571-47842071	0.168208	0	0	1.63226	0.14576	0
chr17:47865178-47865678	0.235492	0	0	1.56252	0.137004	0.0233608
chr17:4792335-4792835	0.134567	0	0	2.67854	0.111945	0
chr17:48172082-48172582	0.134567	0	0	0.742745	0.0286321	0
chr17:4848524-4849024	0.874683	0	0	2.89843	0.304759	0
chr17:5129505-5130005	0.437342	0	0	0.376192	0.101762	0.126907
chr1:75146929-75147429	0.235492	0	0	2.92074	0.191446	0
chr17:56072606-56073106	0.470983	0	0	1.29717	0.150348	0.253839
chr17:56110200-56110700	0.571908	0	0.00011248	2.76026	1.81858	0.0233608
chr17:56414710-56415210	0.336417	0	0	1.21197	0.0267007	0.0230523
chr17:57774256-57774756	0.336417	0	0	0.687871	0.026154	0
chr17:62067737-62068237	0.168208	0	0.0025069	3.84023	1.14536	0
chr17:62138347-62138847	0.370058	0	0	1.16653	0.294879	0.523406
chr17:62224208-62224708	0.504625	0	0	2.70299	0.659495	0
chr17:62932311-62932811	0.470983	0	3.74404	12.3167	9.31176	0
chr17:62932347-62932847	0.470983	0	3.74404	12.2859	9.30984	0
chr17:62970472-62970972	0.336417	0	0	1.36465	0.0542155	0.0233608
chr17:65050660-65051160	0.706475	0	5.95861	25.5378	17.2212	0
chr17:66459127-66459627	0.168208	0	0	1.26382	0.123759	0.250866
chr17:7012734-7013234	0.504625	0	1.94336	11.1637	8.67687	0
chr17:7078624-7079124	0.470983	0	5.82774	30.3539	20.5276	0
chr17:71264932-71265432	0.504625	0	0.0190999	15.4524	14.2212	0
chr17:715646-716146	0.336417	0	5.72347	22.9543	15.745	0
chr17:7216394-7216894	0.4037	0	0	2.97421	0.0222289	0
chr17:72182619-72183119	0.504625	0	5.12455	12.3843	9.97003	0.523406
chr17:72461128-72461628	0.370058	0	10.4531	30.9785	24.0855	0
chr17:72508596-72509096	0.4037	0	0	0.844207	0.0222218	0.504608
chr17:72635737-72636237	0.134567	0	0	0.848189	0.0734583	0
chr17:73061750-73062250	0.336417	0	0	1.77321	0.376832	0.293126
chr17:73772574-73773074	0.336417	0	0	1.56479	0.0863473	0.0230523
chr17:74300816-74301316	0.336417	0	2.24432	6.86298	5.16023	0
chr17:74477961-74478461	0.336417	0	1.9981	4.77291	3.02186	0
chr17:74543604-74544104	0.336417	0	9.72562	25.1171	18.4181	0
chr17:7464821-7465321	0.20185	0	0	0.781589	0.00684421	0
chr17:74729024-74729524	0.4037	0	0	0.651683	0.0192454	0
chr17:75242183-75242683	0.470983	0	3.25388	18.7203	13.8573	0
chr17:75868998-75869498	0.336417	0	7.80036	22.2899	16.522	0
chr17:76136477-76136977	0.302775	0	0	1.9204	0.0192877	0
chr17:76456166-76456666	0.370058	0	2.13237	10.0771	6.87168	0
chr17:76968635-76969135	0.302775	0	0.369593	7.76197	4.8259	0
chr17:77664846-77665346	0.336417	0	4.24386	18.8513	13.1491	0
chr17:77671183-77671683	0.134567	0	0	0.55287	0.0323265	0
chr17:77676205-77676705	0.134567	0	0	1.88509	0.118421	0
chr17:77696399-77696899	0.336417	0	2.48455	12.7581	9.63884	0
chr17:77801035-77801535	0.370058	0	4.11271	19.0651	14.2707	0
chr17:78954115-78954615	0.269133	0	1.14314	15.1814	13.3734	0
chr17:79055788-79056288	0.370058	0	0.13055	8.80507	4.56341	0
chr17:79122264-79122764	0.370058	0	2.39257	9.34656	6.38951	0
chr17:79520578-79521078	0.235492	0	0.00420276	1.92278	0.987373	0
chr17:79824681-79825181	0.538267	0	0	1.83597	0.0494021	0
chr17:79942855-79943355	0.470983	0	1.91678	18.449	13.4207	0
chr17:80217990-80218490	0.538267	0	0	0.125067	0.243223	0
chr17:80339098-80339598	0.269133	0	0.00432902	17.3149	5.56115	0.0380255
chr17:80339253-80339753	0.538267	0	0.453113	24.07	8.93639	0
chr17:80339411-80339911	0.538267	0	0.450956	16.4591	6.19875	0
chr17:80681238-80681738	0.504625	0	2.64552	13.3729	8.89802	0
chr17:80830756-80831256	0.235492	0	0	1.11643	0.337461	0.0982986
chr17:81028667-81029167	0.336417	0	0.721266	12.2107	8.91906	0
chr17:8731261-8731761	0.336417	0	0	1.73723	0.26237	0
chr17:8749914-8750414	0.20185	0	0	3.70907	0.285779	0.250866
chr17:8904751-8905251	0.134567	0.109813	0	0.68562	0.0694737	0
chr17:9131015-9131515	0.370058	0	0.679707	14.4243	8.61698	0
chr18:11861699-11862199	0.336417	0	1.02658	10.5672	5.79327	0
chr18:12430608-12431108	0.370058	0	0.0140509	23.8355	18.4282	0
chr18:12996049-12996549	0.134567	0	0	3.12935	0.0591317	0
chr18:28565767-28566267	0.538267	0	6.63016	20.8014	14.3099	0
chr18:29129367-29129867	0.20185	0	0	0.470686	0.0259092	0
chr18:3453777-3454277	0.168208	0	0	0.657252	0.0828946	0
chr18:43635400-43635900	0.269133	0	0	1.64893	0.179577	0.233081
chr18:43635462-43635962	0.269133	0	0	1.44389	0.179857	0.233081
chr18:46545751-46546251	0.571908	0	2.06915	17.1961	11.77	0
chr18:46545854-46546354	0.571908	0	2.63918	22.692	16.9879	0
chr1:85065080-85065580	0.336417	0	0	1.62815	0.281926	0.398028
chr1:85407406-85407906	0.4037	0	0	1.12758	0.0173211	0.0209784
chr1:85439570-85440070	0.302775	0	0	2.05715	0.473231	0
chr18:55212422-55212922	0.20185	0	0	0.72539	0.0146848	0
chr1:85523906-85524406	0.336417	0	0	0.291027	0.0162109	0
chr18:55504983-55505483	0.336417	0	0	1.93069	0.48325	0
chr18:56343465-56343965	0.134567	0	0	1.71023	0.25125	0.410754
chr18:60482611-60483111	0.134567	0	0	0.842211	0.032097	0
chr18:60976678-60977178	0.302775	0	0	2.41883	0.965358	0
chr18:67563600-67564100	0.336417	0	0	1.27761	0.667372	0
chr18:67649073-67649573	0.269133	0	1.00015	3.90668	1.69267	0
chr18:72094625-72095125	0.336417	0	1.25098	14.6832	10.081	0
chr18:72094861-72095361	0.336417	0	1.14958	11.8277	7.16334	0
chr18:72919163-72919663	0.134567	0	0.000347663	3.35677	0.469236	0.0233608
chr18:74170642-74171142	0.302775	0	1.04659	16.0226	10.0887	0
chr18:74712420-74712920	0.168208	0	0	0.53805	0.0432843	0.696628
chr18:76722067-76722567	0.336417	0	4.35174	29.1389	20.7477	0
chr18:77226589-77227089	0.269133	0	0	2.70747	0.355568	0
chr18:77226631-77227131	0.269133	0	0	2.71189	0.355915	0
chr18:77548847-77549347	0.437342	0	3.2154	17.4007	13.7205	0
chr18:77557346-77557846	0.4037	0	1.36732	15.0152	10.7474	0
chr18:77577307-77577807	0.302775	0	0	4.67428	1.10191	0
chr18:77588651-77589151	0.370058	0	10.2585	26.9254	20.3936	0
chr18:77611543-77612043	0.336417	0	4.96398	17.9016	13.6356	0
chr18:77943502-77944002	0.302775	0	3.03213	25.1136	19.2522	0
chr18:9095130-9095630	0.235492	0	0	1.26259	0.205835	0
chr18:9102488-9102988	0.134567	0	0	0.218259	0.0191956	0
chr19:10118992-10119492	0.302775	0	0.00834422	5.18239	3.50688	0
chr19:10119051-10119551	0.302775	0	0.0156148	7.19029	5.29976	0
chr19:1017009-1017509	0.134567	0	0	3.90187	0.23282	0
chr19:10223567-10224067	0.504625	0	0	3.17712	0.338955	0
chr19:10226188-10226688	0.504625	0	0	2.43953	0.235432	0
chr19:10543720-10544220	0.336417	0	0.0367495	7.68869	3.79108	0
chr19:10543901-10544401	0.336417	0	0.0282427	9.7402	5.56532	0
chr19:1062742-1063242	0.134567	0	9.50387e-05	5.2044	0.541776	0
chr19:1099420-1099920	0.437342	0.124217	0.00595284	2.13027	1.48631	0
chr19:11253894-11254394	0.20185	0	0	2.79522	0.565294	0
chr19:11575052-11575552	0.370058	0	0.991246	12.4791	7.6878	0
chr19:12889803-12890303	0.134567	0	0	1.62546	0.247743	0
chr19:13048087-13048587	0.134567	0	0	0.645289	0.252279	0.0209784
chr19:1388877-1389377	0.706475	0	5.10372	21.6917	15.3397	0
chr19:14045424-14045924	0.302775	0	4.48509	28.5515	20.861	0
chr19:1417081-1417581	0.437342	0	0	2.70415	0.0773477	0
chr19:14286278-14286778	0.302775	0	1.51993	16.6165	11.5544	0
chr19:14700259-14700759	0.235492	0	0	1.34905	0.487951	0
chr19:14723457-14723957	0.302775	0	0	1.58064	0.0742882	0
chr19:14743014-14743514	0.134567	0	0	2.13599	0.366304	0
chr19:15560618-15561118	0.302775	0	0	0.248568	0.00300319	0
chr19:1608651-1609151	0.370058	0	0	2.07501	0.0576683	0
chr19:16214419-16214919	0.4037	0	0.0180585	1.48863	1.06711	0
chr19:16256304-16256804	0.168208	0	0	0.611503	0.0385018	0
chr19:1641868-1642368	0.504625	0	4.78876	14.152	10.2337	0
chr19:17462425-17462925	0.336417	0	0.00125041	7.07681	2.23324	0
chr19:17976467-17976967	0.370058	0	0	0.967994	0.0189344	0
chr19:18058493-18058993	0.134567	0	0	3.30101	0.032452	0
chr19:18111318-18111818	0.20185	0	0	0.819517	0.0139193	0
chr19:18977261-18977761	0.134567	0	0	0.91572	0.0213492	0.0937243
chr19:19097699-19098199	0.336417	0	0.740422	6.75855	5.27255	0.696628
chr19:19185251-19185751	0.437342	0.151238	3.46018	12.6717	7.03163	0
chr19:2336439-2336939	0.302775	0	5.27734	23.1168	17.3648	0
chr19:2361862-2362362	0.336417	0	0.89582	16.4732	12.2847	0
chr19:3156156-3156656	0.336417	0	4.99048	22.2413	15.4445	0.128896
chr19:34045251-34045751	0.370058	0	2.1745	18.1541	12.3596	0
chr19:3552791-3553291	0.20185	0	0	1.46887	0.304522	0.0374383
chr1:9356450-9356950	0.302775	0	1.60272	7.33733	5.12783	0.227124
chr19:35839663-35840163	0.370058	0	0	0.443386	0.102143	0
chr19:35892297-35892797	0.302775	0	0	0.39455	0.0316451	0
chr19:36704763-36705263	0.302775	0	1.42109	15.7303	9.12319	0.126907
chr19:3807969-3808469	0.437342	0	2.11486	16.4487	12.0381	0
chr19:39648433-39648933	0.639192	0	5.21018	19.5791	12.4468	0.0489588
chr19:39819805-39820305	0.370058	0	0.474526	5.94843	4.27122	0.0209784
chr19:40285616-40286116	0.168208	0	0	1.34902	0.373186	0.128896
chr19:4053503-4054003	0.538267	0	6.46236	24.2451	15.4721	0
chr19:41193541-41194041	0.302775	0	0.0531866	12.3005	4.51305	0
chr19:41194942-41195442	0.302775	0	1.32039	15.9215	10.5418	0
chr19:41735940-41736440	0.336417	0	6.35214	27.3124	21.3116	0
chr19:41832291-41832791	0.302775	0	0.00173947	6.43858	1.63424	0
chr19:42381567-42382067	0.235492	0	0	2.04384	0.571287	0
chr19:42409333-42409833	0.370058	0	2.39312	11.9269	7.93616	0
chr19:42432938-42433438	0.134567	0	1.1219	11.8205	6.05285	0.278189
chr19:42499358-42499858	0.336417	0	0.0153226	11.6765	7.34067	0
chr19:42579627-42580127	0.168208	0	0	0.495327	0.0126559	0
chr19:42626943-42627443	0.302775	0.318894	0	1.4028	0.660707	0.0937243
chr19:42942514-42943014	0.134567	0	1.06798	5.11889	3.03462	0
chr19:4431764-4432264	0.168208	0	0	2.5223	0.307314	0
chr19:45445555-45446055	0.370058	0	1.08234	15.7792	9.71461	0
chr19:45844358-45844858	0.302775	0	2.81207	14.5118	7.38093	0
chr19:45954746-45955246	0.302775	0	0.0367967	8.19816	4.79047	0
chr19:46144575-46145075	0.20185	0	0	0.270684	0.00768804	0
chr19:46170926-46171426	0.504625	0	0.0249725	9.79661	6.01815	0
chr19:46171732-46172232	0.134567	0	5.99427e-05	2.72054	1.10107	0
chr19:46381292-46381792	0.370058	0	0.00201371	5.6744	2.93007	0
chr19:46405734-46406234	0.134567	0	0	1.74839	0.0574268	0
chr19:46461624-46462124	0.538267	0	5.85008	20.0916	14.8216	0
chr19:4690562-4691062	0.302775	0	2.88135	9.73714	4.81945	0.0203423
chr19:47140301-47140801	0.370058	0	0.00103953	8.56964	4.55007	0
chr19:47141227-47141727	0.437342	0	0.00434676	12.9534	8.48241	0
chr19:47207643-47208143	0.269133	0	0	0.690408	0.287506	0
chr19:47290349-47290849	0.134567	0	0	1.58023	0.126213	0
chr19:47744737-47745237	0.302775	0	0.250442	13.9647	7.66446	0
chr19:47962569-47963069	0.4037	0	6.57985	19.7007	13.7788	0
chr19:48968426-48968926	0.20185	0	0	0.836123	0.0739791	0
chr19:49077883-49078383	0.134567	0	0	0.784987	0.152995	0
chr19:49136661-49137161	0.20185	0	0	2.41092	0.0305656	0.240254
chr19:49319086-49319586	0.370058	0	0.610292	1.46183	1.01833	0
chr19:49394616-49395116	0.134567	0	0	2.2	0.0591003	0
chr19:49992989-49993489	0.538267	0	0	0.827274	0.0157875	0
chr19:50003450-50003950	0.4037	0	0	2.79386	0.0736734	0
chr19:50836619-50837119	0.60555	0	0	1.16711	0.0195674	0.230482
chr19:50845822-50846322	0.20185	0	0	1.22957	0.877471	0
chr19:51298295-51298795	0.672833	0	0.151884	7.07798	3.80266	0.0454018
chr19:52131902-52132402	0.336417	0	4.97707	15.8899	11.0768	0
chr19:55063659-55064159	0.437342	0	6.75444	27.3908	20.6511	0
chr19:55535496-55535996	0.302775	0	2.84493	9.51456	6.22971	0.275342
chr19:56038371-56038871	0.437342	0	4.11769	26.5092	17.1495	0
chr19:56039106-56039606	0.370058	0	3.99441	17.4168	11.3021	0
chr19:56051056-56051556	0.269133	0	3.29903	12.1948	9.209	0
chr19:56154533-56155033	0.4037	0	7.37902e-05	3.71203	0.559973	0
chr19:56915844-56916344	0.4037	0	0.666625	16.6447	13.6068	0
chr19:5742014-5742514	0.336417	0	6.98658	17.2988	12.8108	0
chr19:5892296-5892796	0.302775	0	0	1.08397	0.10542	0
chr19:6126551-6127051	0.235492	0	0	3.53224	0.953934	0
chr19:6131984-6132484	0.4037	0	2.97326	22.9986	17.7989	0
chr19:6663105-6663605	0.437342	0	0.103993	16.5117	4.53744	0.0209784
chr1:9686477-9686977	0.134567	0	0	0.951265	0.0532706	0
chr19:7099271-7099771	0.134567	0	0	0.813712	0.0342801	0
chr19:7704721-7705221	0.302775	0	10.6163	31.3052	23.8034	0
chr19:7907667-7908167	0.437342	0	2.83522	25.7967	17.7537	0
chr19:8225949-8226449	0.134567	0	0	1.9816	0.0617198	0
chr19:9111593-9112093	0.336417	0	2.40254	24.809	18.6225	0
chr20:10691560-10692060	0.336417	0	3.60439	13.9064	10.8562	0
chr20:13665102-13665602	0.235492	0	0	1.70552	0.47151	0
chr20:17920099-17920599	0.571908	0	0	2.38875	0.0241317	0
chr20:23983363-23983863	0.336417	0	7.88045	19.2046	14.0592	0.0233608
chr20:2450717-2451217	0.168208	0	6.49084e-05	1.88558	0.79711	0
chr20:25023550-25024050	0.134567	0	0	2.2201	0.0247688	0
chr20:25023696-25024196	0.134567	0	0	2.67338	0.0381881	0
chr20:25048345-25048845	0.302775	0	4.96073	23.1753	12.7587	0
chr20:2639132-2639632	0.302775	0	0	1.46454	0.0543923	0
chr20:30293851-30294351	0.269133	0	0	1.80575	0.0874538	0
chr20:30840095-30840595	0.302775	0	7.18742e-05	2.03981	0.284938	0.388482
chr20:31072916-31073416	0.134567	0	4.23306e-05	3.52183	0.217504	0
chr20:32699708-32700208	0.235492	0	0	0.59841	0.0166428	0
chr20:33153631-33154131	0.571908	0	3.24804	14.9129	12.2291	0
chr20:33307378-33307878	0.740117	0	0	0.784867	0.0392685	0
chr20:35579501-35580001	0.134567	0	0	0.831011	0.0230494	0
chr20:36048960-36049460	0.437342	0	3.1536	15.7673	10.5847	0
chr20:37062724-37063224	0.134567	0	0	1.54311	0.0247128	0
chr20:37616383-37616883	0.302775	0	0	0.975579	0.0916224	0
chr20:3908619-3909119	0.336417	0	0	3.05592	0.190586	0.213998
chr20:42296351-42296851	0.168208	0	0	0.926112	0.0170836	0
chr20:42882727-42883227	0.504625	0	1.35532	12.7239	8.77583	0
chr20:42902090-42902590	0.235492	0	0	3.34885	0.4133	0
chr20:43032879-43033379	0.370058	0	3.95179	15.4466	10.5671	0
chr20:43678697-43679197	0.134567	0	0	2.17848	0.061521	0
chr20:47903593-47904093	0.336417	0	0	0.46646	0.416382	0
chr20:48237294-48237794	0.235492	0	0	2.12247	0.0838336	0
chr20:48237346-48237846	0.235492	0	0	1.36781	0.0791985	0
chr20:49178075-49178575	0.269133	0	0	1.6579	0.130799	0.21458
chr20:52237978-52238478	0.302775	0.643316	0	1.30464	0.0457083	0
chr20:52238015-52238515	0.302775	0.643316	0	1.72186	0.0461615	0
chr20:52273041-52273541	0.269133	0	2.07879e-05	2.28263	0.57747	0
chr20:52706954-52707454	0.20185	0	0	1.01022	0.115833	0
chr20:5630806-5631306	0.336417	0	0	1.28678	0.100073	0.438273
chr20:56977846-56978346	0.168208	0	0	0.923199	0.128683	0.435487
chr20:60261365-60261865	0.336417	0	6.49683	27.2859	17.6195	0
chr20:60996572-60997072	0.336417	0	0.0207221	18.7028	14.7635	0
chr20:61181947-61182447	0.504625	0	0.211743	11.4038	7.63187	0
chr20:61967532-61968032	0.302775	0	3.05218	11.1351	8.00018	0.0504149
chr20:61967658-61968158	0.302775	0	3.41507	14.3142	10.7987	0.0504149
chr20:62330308-62330808	0.370058	0	0	4.22931	0.802641	0
chr20:62364096-62364596	0.269133	0	6.21423	24.0155	18.0576	0
chr20:62478377-62478877	0.571908	0	6.63869	23.2765	15.8258	0
chr20:62604200-62604700	0.4037	0	1.04383	14.132	7.46425	0
chr20:62672434-62672934	0.302775	0	0	0.735288	0.0118179	0.250031
chr2:10156008-10156508	0.370058	0	0.0988812	16.2107	8.64501	0
chr2:101623928-101624428	0.370058	0	0	1.49583	0.124536	0
chr2:102974366-102974866	0.269133	0	4.73027e-05	3.51156	0.467769	0
chr2:10373584-10374084	0.336417	0	4.52447	30.8464	20.4858	0
chr2:112918234-112918734	0.302775	0	5.59404	16.4469	10.689	0
chr2:113258632-113259132	0.134567	0	0	0.681917	0.0453456	0.431733
chr2:113402614-113403114	0.134567	0	0	1.12089	0.0425333	0
chr2:113557111-113557611	0.168208	0	0	2.40924	0.573786	0
chr2:114451154-114451654	0.60555	0	0	2.64543	0.152737	0
chr2:114606529-114607029	0.269133	0	0	2.41704	0.463082	0
chr2:114723081-114723581	0.706475	0	4.36564e-05	2.15792	0.492197	0
chr2:120145339-120145839	0.134567	0	0	0.785851	0.373821	0.572264
chr2:121149006-121149506	0.706475	0	0	5.27728	0.0421653	0
chr2:121238169-121238669	0.370058	0	7.69142	22.8373	16.9969	0
chr21:26933821-26934321	0.302775	0	0.00120398	1.4286	0.697163	0
chr21:26937868-26938368	1.54752	0	0	1.9054	0.695028	0
chr21:26939275-26939775	0.8074	0	0	2.31718	0.113003	0
chr21:26943577-26944077	0.706475	0	0	1.16826	0.20331	0
chr21:26946171-26946671	0.941967	0	0	1.53983	0.177979	0
chr21:26950786-26951286	3.6333	0	0	1.58678	0.230593	0
chr21:26955146-26955646	1.74937	0	0	0.980839	0.0310478	0
chr2:127801171-127801671	0.336417	0	4.35951	23.3723	15.796	0
chr2:128459737-128460237	0.269133	0	0	1.15473	0.0789087	0
chr2:132439811-132440311	0.168208	0	0	2.38969	0.0243323	0
chr21:33028472-33028972	0.134567	0	0	1.55445	0.0509676	0
chr21:34100515-34101015	0.134567	0	0	1.51265	0.0719358	0
chr21:34349916-34350416	0.336417	0	5.64907	14.5056	10.2162	0.0233608
chr21:34774718-34775218	0.168208	0	0	0.508592	0.0425012	0
chr21:35267438-35267938	0.504625	0	4.43221	14.2269	10.8962	0
chr2:135676021-135676521	0.235492	0	0	1.48879	0.043383	0
chr21:37314600-37315100	0.504625	0	4.25678	11.4382	10.4243	0
chr21:37692219-37692719	0.134567	0	0	1.02015	0.0124286	0
chr21:38446029-38446529	0.168208	0	0.000153156	7.06071	1.73847	0
chr21:42832045-42832545	0.370058	0	0	1.25928	0.0232881	0.0209784
chr21:43339076-43339576	0.370058	0	2.84866	18.3596	14.2423	0.140477
chr21:43347749-43348249	0.168208	0	0	1.83259	1.07793	0
chr21:43375182-43375682	0.302775	0	0.0498652	14.9545	8.29346	0
chr21:43488684-43489184	0.437342	0	1.7421	14.0026	9.3175	0
chr21:43543615-43544115	0.336417	0	3.92587	18.4611	14.5491	0
chr21:43580898-43581398	0.302775	0	1.25574	8.19417	4.89997	0.0477478
chr21:43867902-43868402	0.370058	0	5.5968	19.5119	14.3429	0
chr21:44057324-44057824	0.437342	0	6.27482	19.6759	14.4121	0
chr21:44219591-44220091	0.134567	0	7.09607e-05	1.95286	0.328728	0.0233608
chr21:44253321-44253821	0.302775	0	0	3.7052	0.559942	0
chr21:44260503-44261003	0.437342	0	0.0986529	21.6274	15.6534	0
chr21:44511934-44512434	0.571908	0	6.26997e-05	3.51087	0.185592	0
chr21:44582472-44582972	0.269133	0	0	2.5961	0.75877	0.26206
chr21:44600319-44600819	0.336417	0	7.11922	30.6647	22.5406	0
chr21:44614584-44615084	0.134567	0	0	0.765472	0.0632346	0
chr2:144658746-144659246	0.235492	0	0	0.304951	0.0115821	0.0369158
chr21:44876422-44876922	0.134567	0	0	1.64408	0.0281037	0
chr21:45080360-45080860	0.134567	0	0	0.62194	0.00401395	0.0233608
chr21:45170349-45170849	0.336417	0	5.05809	16.0715	12.0273	0
chr21:45174977-45175477	0.437342	0	0	0.108666	0.0205098	0
chr21:45187057-45187557	0.4037	0	2.33518	16.1304	9.49797	0
chr21:45640506-45641006	0.134567	0	0	1.94144	0.501068	0
chr21:45665822-45666322	0.370058	0	5.25458e-05	0.968556	0.907079	0
chr21:45667805-45668305	0.370058	0.229919	0.00038813	4.95389	2.07862	0.0207007
chr21:45730952-45731452	0.504625	0	5.10447	23.9799	16.975	0
chr21:45942691-45943191	0.470983	0	0	0.35997	0.19853	0
chr21:46230760-46231260	0.269133	0	7.46141	22.7141	16.901	0
chr21:46408097-46408597	0.302775	0	4.29813	12.9757	8.94054	0
chr21:46408167-46408667	0.302775	0	4.29813	13.007	8.9403	0.0233608
chr21:46528969-46529469	0.470983	0	3.67328	14.84	9.35507	0
chr21:46729803-46730303	0.437342	0	2.35117	14.4068	10.0077	0
chr21:46873023-46873523	0.302775	0	1.4411	13.4899	10.7981	0
chr21:47709634-47710134	1.14382	0	0.00120737	5.03487	3.02665	0.0233608
chr2:149372058-149372558	0.134567	0.067378	0.325077	4.64368	1.4402	0
chr2:158183593-158184093	0.269133	0	0	1.52427	0.294234	0
chr2:160631115-160631615	0.370058	0	0	0.605613	0.00565938	0
chr2:160689319-160689819	0.168208	0	0	1.62286	0.0152981	0.0233608
chr2:160754916-160755416	0.269133	0	0	3.36673	0.0355612	0
chr2:160756789-160757289	0.20185	0	0	0.758016	0.0134518	0.0209784
chr2:162101007-162101507	0.20185	0	0	0.935004	0.0187616	0
chr2:162242689-162243189	0.168208	0	0	1.05559	0.0205519	0
chr2:163157637-163158137	0.134567	0.140448	0.000313761	2.59	0.443278	0.0233608
chr2:169988378-169988878	0.437342	0	0	1.39825	0.533947	0.696628
chr2:172247315-172247815	0.20185	0	0	0.594429	0.0617558	0
chr2:172277319-172277819	0.269133	0	0	1.45736	0.20024	0.495923
chr2:172963260-172963760	0.302775	0	0.135508	14.469	8.54793	0.253261
chr2:173913874-173914374	0.134567	0	0	0.692842	0.0152205	0
chr2:174762943-174763443	0.437342	0	0	2.21827	0.585168	0
chr2:178087314-178087814	0.302775	0	0	0.916497	0.0653412	0.0233608
chr2:178088792-178089292	0.672833	0	0	1.90586	0.11298	0
chr2:178089938-178090438	0.773758	0	3.60005e-05	1.20613	0.0932271	0
chr2:178129910-178130410	0.168208	0	0	1.7871	0.169833	0
chr2:180883702-180884202	0.336417	0	0	0.150603	1.26976	0
chr2:181816760-181817260	0.134567	0	0	1.66072	0.301806	0
chr2:182549533-182550033	0.302775	0	0.0744069	13.012	6.83538	0
chr2:183958853-183959353	0.302775	0	0	1.02907	0.0230679	0.0209784
chr2:191231022-191231522	0.336417	0	0	1.92871	0.440759	0
chr2:191380467-191380967	0.20185	0	0	0.382907	0.00589564	0.0209784
chr2:191586827-191587327	0.504625	0	0	1.62457	0.654054	0.0233608
chr2:191807871-191808371	0.370058	0	0	1.78698	0.0800667	0
chr2:191826586-191827086	0.706475	0	0	0.512806	0.0052662	0
chr2:191827852-191828352	0.470983	0	0	2.72935	0.295595	0.0209784
chr2:19547402-19547902	0.235492	0	0	2.39462	1.18281	0
chr2:197070084-197070584	0.168208	0	0	1.2682	0.0155707	0
chr2:197792340-197792840	0.269133	0	0.714136	2.90615	1.00999	0
chr2:198349650-198350150	0.269133	0	0	0.83413	0.209149	0
chr2:20249894-20250394	0.20185	0	0	2.22323	0.535043	0
chr2:203776418-203776918	0.168208	0	0	0.844196	0.141991	0
chr2:208602057-208602557	0.20185	0	0	0.353361	0.067105	0.0233608
chr2:217368930-217369430	0.437342	0	0	1.85994	0.298848	0.587822
chr2:217370070-217370570	0.4037	0	0.00182652	2.79455	1.44604	0
chr22:17628332-17628832	0.4037	0	0	5.83224	3.32394	0
chr22:18893598-18894098	0.134567	0	0	0.25901	0.0103885	0
chr2:218895391-218895891	0.336417	0	6.27765	21.7018	15.6371	0
chr22:19887116-19887616	0.302775	0	0.510509	8.28319	5.49899	0
chr2:220143571-220144071	0.20185	0	0	0.842379	0.142602	0
chr22:20212657-20213157	0.4037	0	0.0934584	22.0888	16.8736	0
chr2:220330354-220330854	0.336417	0	5.34861	15.4654	10.3522	0
chr22:20878321-20878821	0.134567	0.126815	0	2.72159	0.0317335	0.0233608
chr22:21239737-21240237	0.168208	0	0	1.33156	0.0646656	0
chr22:22044602-22045102	0.370058	0	0	2.24451	0.711546	0.823827
chr22:23249650-23250150	1.00925	0	0	2.97696	0.0564761	0.0763411
chr22:23524612-23525112	0.134567	0	0	1.87639	0.0570367	0
chr22:24050388-24050888	0.370058	0	0	1.19872	0.138261	0
chr22:24312636-24313136	0.370058	0	1.11679	11.9152	8.07064	0
chr22:24372194-24372694	0.235492	0	0	0.880099	0.0481652	0
chr22:24640151-24640651	0.4037	0	5.07627	15.6807	10.2342	0
chr22:24640165-24640665	0.4037	0	5.07627	15.2419	10.2345	0
chr22:24796522-24797022	0.168208	0	0	1.88246	0.0501162	0.234913
chr22:25029652-25030152	0.370058	0	5.79546	21.3195	13.0032	0
chr22:25624685-25625185	0.302775	0	4.97928	15.3912	11.569	0
chr22:26877626-26878126	0.336417	0	0	1.03971	0.101115	0.328072
chr22:26921881-26922381	0.302775	0	0	0.933135	0.362666	0
chr2:227665765-227666265	0.134567	0	0	0.663065	0.00312086	0
chr2:228029688-228030188	0.168208	0	0	1.03128	0.0667175	0
chr22:29697134-29697634	0.4037	0	0	1.59708	0.125395	0
chr2:230872794-230873294	0.134567	0	0	0.217401	0.023715	0
chr2:231183117-231183617	0.20185	0	0	1.56473	0.0442517	0.0209784
chr2:231183844-231184344	0.235492	0	0.000105538	3.18906	0.641828	0.229976
chr2:231306201-231306701	0.4037	0	0	1.94713	0.154565	0.410754
chr2:231770135-231770635	0.269133	0	0	1.61765	0.128654	0
chr2:231811542-231812042	0.302775	0	0	3.8511	0.18555	0
chr2:232578587-232579087	0.639192	0	0	1.18697	0.00876027	0
chr2:233478237-233478737	0.269133	0	8.19023	27.6524	19.5084	0
chr2:233765269-233765769	0.336417	0	3.83775	16.0254	11.7443	0
chr2:233949076-233949576	0.336417	0	0	0.692706	0.0150604	0
chr22:35709632-35710132	0.134567	0	0	1.76928	0.0152664	0
chr22:36029354-36029854	0.504625	0	6.08624	18.7791	13.7467	0
chr22:36030984-36031484	0.235492	0	0	2.49778	0.241956	0
chr22:36461691-36462191	0.168208	0	0	0.406999	0.0195925	0.0207573
chr22:36940203-36940703	0.168208	0	0	2.03304	0.00719262	0
chr22:37317006-37317506	0.470983	0	9.63701	29.5441	20.7285	0
chr22:37712860-37713360	0.134567	0	0.00338756	3.19126	0.896516	0
chr22:37941122-37941622	0.20185	0	0	1.27965	0.620286	0
chr2:238047858-238048358	0.370058	0	5.98285	24.2581	17.9221	0
chr2:238120732-238121232	0.302775	0	0.000127922	18.5848	0.128876	0
chr2:238121157-238121657	0.370058	0	6.07335e-05	20.8113	1.28335	0
chr22:38214647-38215147	0.134567	0	0	1.41895	0.221432	0
chr22:38240885-38241385	0.20185	0	0	2.40632	0.277026	0.0419569
chr22:38420965-38421465	0.269133	0	1.77269	12.3262	9.71767	0
chr22:38520962-38521462	0.269133	0	3.96241	13.8011	9.77544	0
chr22:38609915-38610415	0.134567	0	0	0.607158	0.00586251	0
chr22:39157816-39158316	0.571908	0	6.32273	18.6295	13.4669	0
chr2:239197859-239198359	0.134567	0	8.68373e-05	2.66146	1.84707	0
chr22:39207091-39207591	0.302775	0	5.44123	19.1321	14.4122	0
chr2:239348101-239348601	0.336417	0	0.000140543	2.88803	1.08647	0
chr22:39462830-39463330	0.302775	0	0	2.36805	0.175724	0.283269
chr22:39463857-39464357	0.269133	0	0	0.568687	0.00626428	0.388482
chr22:39476243-39476743	0.168208	0	0	1.77465	0.385133	0.0401724
chr22:39807782-39808282	0.302775	0	0.000117094	1.45248	1.21017	0.0233608
chr2:239833190-239833690	0.269133	0	3.22608	19.0404	13.4947	0
chr22:39858694-39859194	0.168208	0	0	2.20114	0.642552	0.0418512
chr22:39918933-39919433	0.672833	0	0	0.264822	0.0073133	0
chr22:39959016-39959516	0.504625	0	2.45384	16.8682	13.1804	0
chr2:240080390-240080890	0.437342	0	0.00232317	12.9552	6.64156	0
chr2:240292713-240293213	0.269133	0	1.56164	15.2817	10.5448	0
chr2:240645221-240645721	0.4037	0	2.92028	16.4074	9.82547	0
chr22:40811378-40811878	0.134567	0	0	4.8121	0.786972	0
chr2:241069894-241070394	0.269133	0	0.887821	5.34031	1.88703	0
chr2:241440512-241441012	0.4037	0	1.09293	13.3737	11.3041	0.0523564
chr2:241497173-241497673	0.134567	0	0	0.551311	0.0314427	0
chr2:241900703-241901203	0.60555	0	2.91213	25.3584	16.0262	0
chr2:242559697-242560197	0.336417	0	0.000512291	15.4961	9.95078	0
chr2:242887780-242888280	0.4037	0	5.72622	20.4714	13.5663	0
chr2:242890694-242891194	0.4037	0	2.37275	18.7667	13.571	0
chr22:43051542-43052042	0.134567	0	1.00176	4.31783	2.10802	0
chr22:43396609-43397109	0.269133	0.082531	0	1.59784	0.0558046	0
chr22:44541721-44542221	0.504625	0	3.52683	16.838	12.3492	0
chr22:44561421-44561921	0.235492	0	0	2.1356	0.0154727	0.0380255
chr22:45614782-45615282	0.168208	0	0	2.51482	1.26367	0.824535
chr22:46282951-46283451	0.571908	0	4.9678	18.9952	13.5062	0
chr22:50324524-50325024	0.134567	0	0	1.89908	0.13163	0
chr22:50776393-50776893	0.370058	0	0.971746	24.8537	5.58365	0
chr22:50780626-50781126	0.168208	0	0	0.85422	0.0859062	0.233081
chr22:50780657-50781157	0.168208	0	0	0.853341	0.0856616	0.233081
chr22:50912410-50912910	0.134567	0	0	2.04362	0.686373	0
chr22:51149118-51149618	0.269133	0	0.963571	13.7434	10.4389	0
chr2:25148655-25149155	0.470983	0	3.07911	22.0435	14.754	0
chr2:25352006-25352506	0.134567	0	0	0.947938	0.050289	0
chr2:26492614-26493114	0.302775	0	0.00018514	1.40082	0.070353	0.0209784
chr2:26705678-26706178	0.470983	0	5.14327	25.1858	19.4695	0
chr2:26784648-26785148	0.336417	0	0.974741	5.14053	3.22402	0.0209784
chr2:27184557-27185057	0.134567	0	0	2.24982	1.14873	0
chr2:27341880-27342380	0.4037	0	0.991257	14.7624	8.70869	0
chr2:28613306-28613806	0.134567	0	0	1.56523	0.0584236	0
chr2:29333682-29334182	0.168208	0	0	1.22093	0.121889	0.12072
chr2:31546987-31547487	0.336417	0	0	2.74541	0.415081	0
chr2:33063417-33063917	0.134567	0	0	3.05946	0.971459	0.0233608
chr2:33795670-33796170	0.134567	0	0	0.328031	0.137804	0
chr2:33841965-33842465	0.269133	0	0	0.36273	0.0114891	0
chr2:3467720-3468220	0.4037	0	2.10728	7.65859	4.29153	0
chr2:37852761-37853261	0.302775	0	0	1.76597	0.0424088	0.018262
chr2:38333606-38334106	0.269133	0.48952	0	2.49481	0.0910073	0
chr2:38969857-38970357	0.4037	0	0	1.19795	0.127869	0
chr2:42256686-42257186	0.168208	0	0	2.08842	1.7948	0
chr2:43455911-43456411	0.168208	0	0	0.342687	0.0320278	0.0697257
chr2:46688465-46688965	0.168208	0	0	0.663541	0.0121939	0
chr2:47025949-47026449	0.269133	0	0	1.13196	0.102516	0
chr2:47171027-47171527	0.302775	0	0	1.06047	0.0759917	0
chr2:48540625-48541125	0.370058	0	0	0.848883	0.117696	0.65872
chr2:60638728-60639228	0.302775	0	0.161497	12.532	9.56663	0
chr2:61071123-61071623	0.437342	0.637475	0	1.30491	0.208159	0
chr2:61702855-61703355	0.370058	0	0	2.15838	0.375129	0
chr2:62034135-62034635	0.134567	0	0	0.826416	0.164096	0.719989
chr2:64833570-64834070	0.370058	0	0	2.28461	0.108471	0
chr2:65165676-65166176	0.302775	0	0.784414	9.95572	5.12108	0
chr2:65168959-65169459	0.134567	0	0	1.20358	0.0053978	0
chr2:65173503-65174003	0.269133	0	0	2.31886	0.0647223	0
chr2:68625138-68625638	0.336417	0	0.000571724	3.1659	1.04872	0
chr2:70317088-70317588	0.269133	0	0	1.82453	0.120507	0
chr2:70369793-70370293	0.302775	0	0	0.799249	0.0183884	0
chr2:71221322-71221822	0.134567	0	0	0.232498	0.00876274	0
chr2:73143432-73143932	0.134567	0	0	0.721925	0.0895802	0
chr2:74113501-74114001	0.302775	0	0	2.79211	1.43917	0.527852
chr2:74214524-74215024	0.134567	0	0	0.549946	0.04483	0
chr2:75874122-75874622	0.20185	0	3.63748e-05	1.49034	0.366561	0
chr2:85134208-85134708	0.336417	0	0	2.17361	0.0327342	0
chr2:86307413-86307913	0.168208	0	0	1.75231	0.0687974	0.0765214
chr2:95705252-95705752	0.571908	0	0.0204757	11.6941	10.7511	0
chr2:9606273-9606773	0.437342	0	6.72072	18.3537	12.7612	0
chr2:97155401-97155901	0.168208	0	0	1.9699	0.129278	0.151307
chr2:99173070-99173570	0.269133	0	0	2.06059	0.0496386	0.0504149
chr3:10273751-10274251	0.370058	0	0	0.296	0.339827	0
chr3:10283972-10284472	0.269133	0	0	2.44706	0.100527	0.0374383
chr3:111686433-111686933	0.168208	0	0	0.847786	0.133103	0.0889946
chr3:111832737-111833237	0.336417	0	0	2.38698	1.01109	0
chr3:111851320-111851820	0.336417	0	0	0.814788	0.0305437	0.0933473
chr3:112083843-112084343	0.269133	0	0.000181721	4.09659	0.34616	0
chr3:112485981-112486481	0.235492	0	0	3.58871	1.48175	0
chr3:112532713-112533213	0.134567	0	0	0.927008	0.0500173	0
chr3:11287519-11288019	0.437342	0	5.52744	17.1783	12.7974	0
chr3:113460404-113460904	0.269133	0	0	2.0963	0.32726	0
chr3:113462734-113463234	0.470983	0	0	1.01037	0.127542	0
chr3:113502390-113502890	0.168208	0	0	0.518738	0.354103	0.0681577
chr3:114905876-114906376	0.20185	0	0	2.81101	0.0220995	0
chr3:119361609-119362109	0.168208	0.0850481	0	0.755497	0.0135575	0.405096
chr3:120277723-120278223	0.168208	0	0	0.862072	0.0151856	0.0233608
chr3:120460636-120461136	0.134567	0	0	2.38883	0.104432	0
chr3:121749468-121749968	0.302775	0	0	0.681847	0.0570578	0.0422602
chr3:121865281-121865781	0.269133	0	0	1.70425	0.877599	0.177142
chr3:122473642-122474142	0.134567	0	0	3.1969	1.84118	0
chr3:126262247-126262747	0.370058	0	1.53006	10.4066	7.30636	0
chr3:126275712-126276212	0.336417	0	6.10195	19.8493	14.6474	0
chr3:127865255-127865755	0.302775	0	3.28965	22.768	18.3201	0
chr3:129040039-129040539	0.4037	0	0.762464	22.6165	14.7254	0
chr3:129040159-129040659	0.4037	0	0.757163	22.0938	13.6811	0
chr3:129651567-129652067	0.504625	0	0.997407	17.8846	13.4583	0
chr3:130497823-130498323	0.235492	0	0	1.42204	0.865817	0
chr3:13938027-13938527	0.134567	0	0	0.922341	0.0296971	0
chr3:14728854-14729354	0.134567	0	0	2.7017	0.23786	0.0209784
chr3:150455168-150455668	0.134567	0	0	0.888554	0.029604	0
chr3:152071304-152071804	0.168208	0	0	0.989132	0.0287148	0
chr3:155563874-155564374	0.269133	0	3.29418e-05	1.87207	0.513299	0.250866
chr3:15672063-15672563	0.20185	0	0	3.10246	0.109206	0
chr3:156956790-156957290	0.168208	0	0	2.44199	0.0349939	0
chr3:159745497-159745997	0.470983	0	0	0.442674	0.101208	0
chr3:16353336-16353836	0.370058	0	0	2.32108	0.532462	0
chr3:16410658-16411158	0.336417	0	0	1.92572	1.53616	0
chr3:16414330-16414830	0.235492	0	0	3.05034	0.670711	0.0968764
chr3:170582861-170583361	0.336417	0	0	0.38752	0.0197438	0
chr3:182833586-182834086	0.134567	0	0	3.67417	0.131916	0
chr3:183297714-183298214	0.134567	0	0	1.51617	0.195276	0
chr3:185313272-185313772	0.336417	0	0	1.11086	0.0154122	0.0416228
chr3:186370760-186371260	0.269133	0	0.00217328	2.42229	0.983801	0
chr3:189348378-189348878	0.20185	0	0.00438673	1.49371	0.99741	0
chr3:195500418-195500918	0.336417	0	0	1.59017	0.0587363	0
chr3:195906050-195906550	0.269133	0	5.50316e-05	1.15335	0.492031	0
chr3:196659474-196659974	0.168208	0	0	2.01423	0.134407	0
chr3:196722000-196722500	0.504625	0	8.0182	24.4038	17.7462	0
chr3:197457165-197457665	0.168208	0	0	1.91611	0.0984123	0
chr3:197561168-197561668	0.269133	0	0	1.82885	0.191737	0.0304388
chr3:197702093-197702593	0.269133	0	1.62592	7.43687	4.09207	0
chr3:23961886-23962386	0.4037	0	0	1.66329	0.334924	0
chr3:23962716-23963216	0.470983	0	0	3.39713	0.106062	0.0416105
chr3:28618788-28619288	0.134567	0	0	2.71822	0.34618	0.141759
chr3:3196649-3197149	0.269133	0	0	1.16487	0.334837	0
chr3:37156229-37156729	0.168208	0	0	1.14683	0.100103	0
chr3:37484682-37485182	0.470983	0	3.01193	10.6837	7.77058	0.0209784
chr3:38045904-38046404	0.336417	0	0.0240519	11.541	5.53266	0
chr3:38125649-38126149	0.134567	0	0	0.620158	0.0107787	0
chr3:38691591-38692091	0.302775	0	1.75773	19.873	13.1553	0
chr3:40351349-40351849	0.134567	0	0	0.97593	0.00143652	0
chr3:42676546-42677046	0.20185	0	0	1.61848	0.0619314	0.126907
chr3:42679666-42680166	0.336417	0	0	1.77196	0.341426	0.544384
chr3:44466254-44466754	0.168208	0	0	1.44733	1.01291	0
chr3:45883397-45883897	0.4037	0	0	1.57281	0.00340593	0
chr3:46949862-46950362	0.470983	0	1.00576	13.2057	6.71814	0
chr3:46954493-46954993	0.4037	0	0	1.55025	0.20217	0.177142
chr3:47625080-47625580	0.336417	0	0	0.119462	0.0113204	0
chr3:48272834-48273334	0.134567	0	0	0.592718	0.0311737	0
chr3:49027662-49028162	0.168208	0	0	0.517666	0.00979483	0
chr3:49195481-49195981	0.269133	0	0	0.459798	0.0147905	0
chr3:49314337-49314837	0.302775	0	0	2.4803	0.00657741	0
chr3:50311621-50312121	0.134567	0	0	1.70976	0.0697801	0
chr3:52731300-52731800	0.437342	0	0	1.88083	0.0405093	0
chr3:53136852-53137352	0.134567	0	0	1.14387	0.0581474	0.083346
chr3:53174287-53174787	0.470983	0	2.54081	21.5884	14.3094	0
chr3:53224653-53225153	0.235492	0	0	2.52982	0.0864738	0
chr3:53832169-53832669	0.269133	0	1.99639	8.33156	4.34079	0.809699
chr3:69129393-69129893	0.134567	0	0	2.36664	0.0550537	0
chr3:72388186-72388686	0.269133	0	0	4.44276	1.52461	0
chr3:8907410-8907910	0.4037	0	3.91636	12.8562	6.60694	0
chr3:9440221-9440721	0.269133	0.0911238	0	3.03671	0.945776	0
chr3:98241498-98241998	1.74937	0	0	0.550547	0.0119483	0
chr3:98251200-98251700	0.4037	0	0	1.47782	0.0418641	0
chr3:98264704-98265204	0.370058	0	0	0.857599	0.056982	0.672891
chr3:98275059-98275559	0.773758	0	0	2.44178	0.591223	0.402153
chr3:98283512-98284012	0.4037	0	0.000455344	4.94566	0.954223	0.0233608
chr3:98505308-98505808	0.269133	0	0	2.51815	0.857812	0.0223678
chr3:99972987-99973487	0.168208	0	0	0.949362	0.0477133	0
chr4:105416157-105416657	0.20185	0	0.973469	6.23833	2.11019	0
chr4:106672839-106673339	0.20185	0	0	1.8434	0.381979	0
chr4:10728751-10729251	0.302775	0	0	3.55923	0.37375	0.16957
chr4:111154887-111155387	0.4037	0	11.0582	30.8136	24.9108	0
chr4:113193622-113194122	0.336417	0	0	2.10866	0.128629	0.0209784
chr4:119203133-119203633	0.370058	0	0	1.18361	0.0813235	0
chr4:120930824-120931324	0.269133	0	0	2.23334	0.258584	0
chr4:122148494-122148994	0.336417	0	0	2.64155	0.589948	0.600811
chr4:1236550-1237050	0.336417	0	0	2.37331	0.428007	0
chr4:128702816-128703316	0.134567	0	0	1.8633	0.0217641	0.0374383
chr4:129780370-129780870	0.336417	0	6.25125	23.9024	18.2822	0
chr4:154559152-154559652	0.336417	0.561392	0	3.26145	0.308809	0
chr4:1614034-1614534	0.336417	0	0.852315	15.8913	9.65688	0
chr4:170216936-170217436	0.269133	0	0	0.368629	0.0729041	0.0536442
chr4:170581178-170581678	0.134567	0	0	1.20762	0.0224119	0
chr4:1721816-1722316	0.269133	0	0	1.61779	0.0146301	0
chr4:185908604-185909104	0.4037	0	6.78786	24.6659	18.3187	0
chr4:186131514-186132014	0.168208	0	0	0.416331	0.0180919	0
chr4:186264731-186265231	0.302775	0	0	0.752194	0.0297757	0.0844448
chr4:186326729-186327229	0.302775	0	0	0.520715	0.0291279	0.0233608
chr4:2499648-2500148	0.168208	0	0	1.21343	0.0562233	0
chr4:2815165-2815665	0.370058	0	0.0745549	11.0377	6.03232	0
chr4:2925141-2925641	0.269133	0	0	2.42153	0.181348	0
chr4:3470303-3470803	0.4037	0	8.16863	32.0985	22.7367	0
chr4:38784355-38784855	0.370058	0	0	2.11957	0.105908	0
chr4:39045395-39045895	0.20185	0	0	1.9571	0.123161	0
chr4:39452935-39453435	0.302775	0	0	1.21685	0.594321	0.0374383
chr4:40057038-40057538	0.269133	0	0	2.469	0.133927	0
chr4:40202461-40202961	0.302775	0	0	1.52316	0.309598	0.448017
chr4:40724545-40725045	0.302775	0	0	1.71216	0.0399346	0.253261
chr4:48794259-48794759	0.302775	0	0	1.2748	0.0997926	0.227124
chr4:48965050-48965550	0.20185	0	0	0.876008	0.0345023	0.0443392
chr4:548643-549143	0.168208	0.0581883	1.27089	15.5637	8.64167	0
chr4:57780446-57780946	0.168208	0	0	0.583257	0.131873	0
chr4:597815-598315	0.336417	0	0	1.10329	0.234067	0
chr4:6666987-6667487	0.571908	0	1.17825	19.2067	13.5991	0
chr4:6720942-6721442	0.269133	0	0	3.03813	0.7786	0
chr4:6727471-6727971	0.302775	0	1.03303	25.1607	23.8836	0
chr4:7028745-7029245	0.302775	0	0.258525	11.2575	7.38241	0
chr4:71505816-71506316	0.269133	0.328038	0	0.947204	0.0932002	0.0891622
chr4:71526915-71527415	0.370058	0	0	1.41877	0.0658315	0
chr4:71547457-71547957	0.302775	0	0	0.259654	0.205824	0
chr4:71580657-71581157	0.168208	0	0	1.82658	0.0254487	0
chr4:71739889-71740389	0.168208	0	0.000120885	1.34994	0.253673	0
chr4:77947069-77947569	0.302775	0.0698033	0	0.336696	0.00830584	0.782443
chr4:79663443-79663943	0.269133	0	0	0.518652	0.0179152	0.0666335
chr4:83269497-83269997	0.437342	0	0	2.58948	0.124008	0.126907
chr4:83270914-83271414	0.302775	0	4.43441e-05	2.10782	0.806225	0.414912
chr4:87857239-87857739	0.269133	0	0	2.83199	0.0528047	0
chr4:87886364-87886864	0.20185	0	0	1.3467	0.185071	0.0209784
chr4:87886391-87886891	0.20185	0	0	1.6434	0.185538	0.0209784
chr4:881050-881550	0.437342	0	0.697204	28.4486	16.3457	0
chr4:90022708-90023208	0.168208	0	0	0.892571	0.033408	0.0649592
chr4:9802469-9802969	0.134567	0	0	2.45169	0.453382	0
chr5:102594113-102594613	0.168208	0	0	0.74229	0.011467	0
chr5:1048347-1048847	0.470983	0	0.311643	24.8458	21.7437	0
chr5:10538130-10538630	0.336417	0	0.347744	8.75437	4.24141	0
chr5:122773867-122774367	0.168208	0	0	0.571868	0.030712	0.0209784
chr5:130752741-130753241	0.370058	0	6.38937e-05	1.28136	0.797527	0
chr5:131094105-131094605	0.134567	0	0	2.26567	0.481464	0.0209784
chr5:131760685-131761185	0.235492	0	0	0.587187	0.103727	0
chr5:131816630-131817130	0.437342	0	0	4.2641	0.776623	0
chr5:132442541-132443041	0.336417	0	0.000872868	4.22896	1.36326	0
chr5:134240981-134241481	0.168208	0	0	0.324662	0.00559105	0
chr5:139049394-139049894	0.235492	0	0	0.605614	0.0458034	0.228068
chr5:139145227-139145727	0.168208	0	0	0.398326	0.0238288	0
chr5:140908609-140909109	0.168208	0	0	1.1626	0.12119	0.0304388
chr5:142655749-142656249	0.302775	0	0	1.60079	0.410861	0
chr5:148772407-148772907	0.370058	0	4.43768	12.8602	8.65295	0.0233608
chr5:149642831-149643331	0.437342	0	7.01026	24.6589	16.623	0
chr5:149779714-149780214	1.78301	0	0	1.42209	0.0506318	0
chr5:149784608-149785108	0.470983	0	0	0.366035	0.0102873	0
chr5:149790443-149790943	0.8074	0	0	1.66284	0.0922996	0
chr5:149865107-149865607	0.134567	0	0	1.47821	0.0153421	0
chr5:150224376-150224876	0.302775	0	0.411995	17.2371	9.05854	0
chr5:150474802-150475302	0.504625	0	0.99977	5.17776	2.7015	0
chr5:150529958-150530458	0.370058	0	0	2.27922	0.524083	0.527852
chr5:150533172-150533672	0.302775	0.129686	0	0.832915	0.560763	0
chr5:150612946-150613446	0.20185	0	0	1.03659	0.0294691	0
chr5:151101323-151101823	0.269133	0	0	1.76508	0.169131	0
chr5:151194705-151195205	0.302775	0	0	0.973381	0.0556693	0
chr5:158760233-158760733	0.134567	0	0	1.39777	0.0958342	0
chr5:159896471-159896971	0.336417	0	0	1.21503	0.0770505	0
chr5:159897933-159898433	0.504625	0	0	0.933424	0.274858	0
chr5:169077909-169078409	0.269133	0	0	0.596907	0.0114029	0
chr5:172179132-172179632	0.336417	0	2.50215	13.6814	8.13914	0
chr5:172428320-172428820	0.269133	0	0	2.25365	0.606554	0
chr5:173711846-173712346	0.168208	0	0	0.794087	0.406756	0.100375
chr5:176872039-176872539	0.504625	0	0	4.77503	0.565072	0
chr5:176873253-176873753	0.571908	0	0	6.03627	0.807686	0
chr5:178971484-178971984	0.370058	0	0	1.01529	0.0507833	0.0233608
chr5:179040069-179040569	0.302775	0	0	1.2059	0.0580021	0
chr5:179158874-179159374	0.302775	0	0	0.663384	0.295025	0.0948675
chr5:180587531-180588031	0.134567	0	0	0.548569	0.0228432	0
chr5:180616629-180617129	0.370058	0	0	1.64148	0.0515433	0.696628
chr5:180662857-180663357	0.370058	0	0	2.15658	0.887566	0.016175
chr5:1929985-1930485	0.302775	0	0.00602391	16.5691	3.43722	0
chr5:33985554-33986054	0.470983	0	0.00682988	14.5553	10.2657	0
chr5:34854405-34854905	0.269133	0	0.020184	2.4724	1.02752	0
chr5:40825491-40825991	0.571908	0	0	0.696124	0.0778389	0
chr5:40827403-40827903	0.336417	0	0	2.28087	0.109355	0.696628
chr5:43066564-43067064	0.134567	0	0	0.325756	0.00771558	0
chr5:43304620-43305120	0.437342	0	0	1.21976	0.036733	1.1809
chr5:473086-473586	0.134567	0	0	0.760656	0.0994107	0
chr5:5352661-5353161	0.504625	0	7.31902	18.4633	13.3959	0
chr5:536449-536949	0.269133	0	0.000321183	12.4357	3.23156	0
chr5:53736383-53736883	0.235492	0	0	1.34572	0.0553268	0.0180219
chr5:53765435-53765935	0.134567	0	0	1.65952	0.0697653	0
chr5:55777238-55777738	0.168208	0	0	0.896273	0.303487	0.0470043
chr5:59818110-59818610	0.336417	0	0	0.256245	0.0477551	0
chr5:64357213-64357713	0.437342	0	0	2.50623	0.0966388	0.161673
chr5:64357753-64358253	0.20185	0	0	0.639007	0.043024	0
chr5:6634365-6634865	0.134567	0	0	0.584309	0.0281985	0.0444997
chr5:6687577-6688077	0.4037	0	0.601905	10.5989	7.48617	0
chr5:676668-677168	0.370058	0	0.910094	14.9108	10.714	0
chr5:676863-677363	0.370058	0	1.04586	14.7071	11.5456	0
chr5:71819749-71820249	0.134567	0	0	0.128859	0.0202588	0
chr5:86527140-86527640	0.302775	0	0	3.76271	0.427868	0.384415
chr5:912368-912868	0.470983	0	6.68567e-05	6.17786	2.52943	0
chr5:96231966-96232466	0.269133	0	0	1.49244	0.199758	0
chr5:96293055-96293555	0.168208	0	0	1.62278	0.604364	0
chr5:96375726-96376226	0.302775	0	0	1.36852	0.136939	0
chr5:98262933-98263433	0.370058	0	0	1.20231	0.0350432	0.230482
chr6:106630289-106630789	0.504625	0	0	0.28892	0.00675927	0.0919875
chr6:10838610-10839110	0.168208	0	0	0.793787	0.0038959	0
chr6:109803797-109804297	0.134567	0	0	2.5645	0.0493096	0
chr6:13336709-13337209	0.168208	0.0638083	0	0.755503	0.0638313	0.106398
chr6:135260004-135260504	0.168208	0	0	1.42726	0.312429	0
chr6:135260092-135260592	0.168208	0	0	1.36926	0.293848	0
chr6:135288725-135289225	0.134567	0	0	0.662627	0.00863446	0
chr6:135492017-135492517	0.168208	0	0	1.06859	0.0614313	0
chr6:137516666-137517166	0.370058	0	0	2.12757	0.301984	0.11521
chr6:137538319-137538819	0.470983	0	0	0.650553	0.0522315	0
chr6:1397539-1398039	0.269133	0	0.454322	2.06067	1.06002	0.046882
chr6:144260408-144260908	0.302775	0	0	1.65449	0.212567	0
chr6:144569568-144570068	0.470983	0.847439	2.50567e-05	1.42938	1.05468	0.251436
chr6:146070656-146071156	0.134567	0	0	1.77688	0.263938	0
chr6:149765561-149766061	0.504625	0	0	4.42143	2.29483	0
chr6:150070712-150071212	0.168208	0	0	1.96824	0.0723007	0
chr6:150070979-150071479	0.20185	0	0	1.94788	0.761756	0
chr6:150585033-150585533	0.134567	0	0	13.7826	0.0928671	0
chr6:152492158-152492658	0.302775	0	0.000258769	3.01211	0.612113	0.0304388
chr6:157542757-157543257	0.302775	0	2.97527	14.1994	11.1527	0
chr6:159065784-159066284	0.168208	0	0	2.69339	0.199086	0.264355
chr6:159233844-159234344	0.269133	0	0	2.56449	0.707081	0
chr6:159438786-159439286	0.269133	0	0	1.50032	0.225187	0.771946
chr6:166732288-166732788	0.4037	0	0	1.99641	0.215441	0
chr6:166797061-166797561	0.20185	0	0	0.457935	0.119531	0
chr6:166913131-166913631	0.20185	0	0	2.30318	0.164211	0
chr6:167243675-167244175	0.235492	0	0	3.02211	0.158439	0
chr6:167368404-167368904	0.302775	0	6.98057	17.8762	12.7892	0
chr6:167469736-167470236	0.470983	0	3.85516e-05	3.8785	0.411545	0.388482
chr6:167469784-167470284	0.470983	0	3.85516e-05	3.97412	0.819182	0.388482
chr6:167521207-167521707	0.134567	0	0	0.373441	0.102556	0
chr6:16763177-16763677	0.269133	0	0	0.911516	0.184032	0.696628
chr6:170862770-170863270	0.168208	0	0.962366	2.33632	1.10399	0.0209784
chr6:17621074-17621574	0.20185	0	0	1.94139	0.0373916	0.596868
chr6:18216569-18217069	0.269133	0	0	0.633619	0.575557	0.407776
chr6:18220157-18220657	0.269133	0	0	1.14001	0.047889	0
chr6:18221619-18222119	0.437342	0	2.73118e-05	3.85372	0.781381	0
chr6:24408861-24409361	0.168208	0	0	1.92088	0.183257	0.0209784
chr6:24719425-24719925	0.20185	0	0	1.32207	0.784092	0
chr6:27100149-27100649	0.672833	0	0	1.4524	0.11367	0.0233608
chr6:27218761-27219261	0.168208	0	0	0.126397	0.0171621	0
chr6:27783513-27784013	0.235492	0	0	0.805821	0.221026	0
chr6:27799173-27799673	0.370058	0	0	0.366174	0.00140383	0
chr6:28510311-28510811	0.134567	0	3.21816e-05	3.26839	0.667745	0
chr6:29696423-29696923	0.269133	0	0	0.0888054	0.0201566	0
chr6:29914679-29915179	0.504625	0	0	1.25735	0.0507468	0
chr6:29949098-29949598	0.370058	0	3.41849	14.0694	8.14891	0
chr6:30461940-30462440	0.437342	0	0	3.21392	0.30443	0
chr6:30693315-30693815	0.740117	0	0	1.15389	0.030973	0.384415
chr6:30727667-30728167	0.370058	0	0	3.17888	0.280259	0
chr6:30973327-30973827	0.269133	0	0	0.585522	0.0586766	0.179315
chr6:30973340-30973840	0.269133	0	0	0.601228	0.0577442	0.179315
chr6:31318632-31319132	0.4037	0	0	1.56243	0.0447108	0.260432
chr6:31319533-31320033	0.841042	0	0	2.29585	0.0168595	0
chr6:31546469-31546969	0.336417	0	0	0.795724	0.0953059	0.0429879
chr6:32413127-32413627	0.672833	0.103895	0	1.2119	0.974074	0
chr6:32549086-32549586	0.20185	0	0	0.669552	0.0900277	0.0477478
chr6:32615127-32615627	0.60555	0	0	0.767034	0.0356129	0.0467216
chr6:32903391-32903891	0.302775	0	0	1.46684	0.0791215	0
chr6:33031128-33031628	0.336417	0	0	5.87116	1.60956	0.0233608
chr6:33032846-33033346	0.437342	0	0	2.07854	0.171547	0
chr6:33081595-33082095	0.134567	0	0	1.86788	0.253284	0.055266
chr6:35270279-35270779	0.571908	0.687218	0	2.33376	0.0419251	0.0454018
chr6:355964-356464	0.269133	0	0	3.99982	0.860261	0.250031
chr6:36595560-36596060	0.134567	0	0	0.654245	0.032765	0.0158936
chr6:37227840-37228340	0.302775	0	0	0.740427	0.0705362	0.523406
chr6:398557-399057	0.538267	0	0	2.19446	0.675823	0.0424405
chr6:399022-399522	0.370058	0	0	2.17624	0.0548108	0
chr6:40318082-40318582	0.302775	0	3.74718	26.694	18.4547	0
chr6:4066291-4066791	0.269133	0	0	2.34753	0.269502	0
chr6:41743571-41744071	0.168208	0	0	1.25111	0.0278507	0
chr6:41909350-41909850	0.134567	0	0	1.05591	0.0477542	0
chr6:41932036-41932536	0.437342	0	6.92724	18.2985	13.1206	0
chr6:43337282-43337782	0.168208	0	0	1.68376	0.014295	0
chr6:43681965-43682465	0.302775	0	0	1.62577	0.103735	0.253261
chr6:43721485-43721985	0.302775	0	4.17224	20.6278	14.6128	0
chr6:43766562-43767062	0.134567	0	0	2.57169	0.649811	0
chr6:44012168-44012668	0.60555	0	6.28532	24.8133	20.2974	0
chr6:44232507-44233007	0.134567	0	0	3.61137	0.938041	0
chr6:49948583-49949083	0.302775	0.540725	0	2.64534	0.0720219	0
chr6:52281140-52281640	0.20185	0	2.06732e-05	3.29586	1.129	0
chr6:52393892-52394392	0.269133	0.131999	0	1.99993	0.729482	0
chr6:6543706-6544206	0.20185	0	0	1.02355	0.0307976	0.0418512
chr6:7243584-7244084	0.269133	0	0	2.05012	0.0679473	0
chr6:74224086-74224586	0.874683	0	0	0.594165	0.0393052	0
chr6:74224826-74225326	0.773758	0	0	0.466964	0.0221517	0
chr6:74363944-74364444	0.168208	0	0	1.64072	0.0292318	0
chr6:83780602-83781102	0.302775	0	0	1.85731	0.692574	0
chr6:86159144-86159644	0.235492	0	0	0.275726	0.00324641	0
chr6:86167869-86168369	0.168208	0	0	1.82373	1.21009	0
chr6:86173791-86174291	0.269133	0	0	2.41031	0.0399384	0.240254
chr6:87961307-87961807	0.134567	0	0	1.12343	0.0198509	0.0233608
chr6:88441967-88442467	0.235492	0	0	0.636709	0.17258	0
chr6:89855575-89856075	0.134567	0	0	2.21041	0.18358	0
chr6:90569440-90569940	0.134567	0	0	0.728809	0.380316	0
chr6:91188991-91189491	0.168208	0	0	1.67861	0.632618	0
chr6:99811877-99812377	0.302775	0	1.00054	5.56262	3.45809	0
chr7:100224255-100224755	0.168208	0	0	0.809507	0.0884272	0
chr7:100296553-100297053	0.269133	0	0	0.289686	0.164308	0.260901
chr7:101961350-101961850	0.336417	0	1.41629	15.6882	10.6266	0
chr7:102059035-102059535	0.20185	0	0	0.777081	0.0442761	0
chr7:102119125-102119625	0.134567	0	0	0.858432	0.0565166	0
chr7:1055978-1056478	0.538267	0	0.00235266	6.93196	6.84015	0
chr7:11014039-11014539	0.20185	0	0	1.70104	1.05604	0
chr7:1110373-1110873	0.504625	0	5.10066	20.2909	13.3671	0
chr7:120918330-120918830	0.4037	0.109382	0	0.711999	0.425019	0
chr7:120986213-120986713	0.302775	0	0	1.51121	0.311198	0
chr7:121028972-121029472	0.168208	0	0	1.13874	0.00936848	0.0233608
chr7:128809712-128810212	0.336417	0	0	2.98552	0.835579	0
chr7:129112215-129112715	0.134567	0	0	0.696403	0.295573	0
chr7:130009180-130009680	0.269133	0	2.94308	7.10524	5.03716	0
chr7:130116254-130116754	0.168208	0	0	0.46123	0.297407	0.0233608
chr7:135400066-135400566	0.470983	0	4.07755	14.9569	10.6699	0
chr7:135608371-135608871	0.336417	0	9.96132e-05	3.02822	0.821873	0.105644
chr7:137558125-137558625	0.20185	0.365337	0	0.985022	0.141278	0.0209784
chr7:137558193-137558693	0.20185	0.365337	0	1.69443	0.136728	0.0209784
chr7:137574944-137575444	0.20185	0	0	1.08926	0.0582605	0.672891
chr7:139184583-139185083	0.134567	0	0	0.888194	0.0451423	0
chr7:142502469-142502969	0.269133	0	0	3.26975	0.213287	0.0321718
chr7:142508710-142509210	0.269133	0	0	1.068	0.62839	0.388482
chr7:143082250-143082750	0.4037	0	1.83749	17.9163	11.529	0
chr7:143082948-143083448	0.302775	0	1.39626	11.4953	7.68813	0
chr7:148160481-148160981	0.336417	0	5.56161	20.44	15.0652	0
chr7:148867-149367	0.134567	0	0	0.93696	0.00813154	0.410754
chr7:148926820-148927320	0.302775	0	0	0.561375	0.21095	0
chr7:150017831-150018331	0.302775	0	0	0.331912	0.112906	1.08104
chr7:150018030-150018530	0.302775	0	0	1.28094	0.0301609	0.407776
chr7:150073195-150073695	0.302775	0	0.00033184	2.96163	1.09168	0.250031
chr7:151010729-151011229	0.336417	0	3.78772	19.9232	13.8975	0
chr7:151012017-151012517	0.168208	0	0	0.185148	0.082917	0.250866
chr7:151097740-151098240	0.134567	0	0	2.98145	0.0585308	0
chr7:151587095-151587595	0.336417	0	3.30921	13.3361	9.43129	0
chr7:151645224-151645724	0.302775	0	7.66198	21.4417	16.9335	0
chr7:154675303-154675803	0.437342	0	3.85642	25.8273	21.9282	0
chr7:154676200-154676700	0.470983	0	2.34839	23.6715	18.6539	0
chr7:154900259-154900759	0.269133	0	2.99989	8.67471	6.66082	0
chr7:154922049-154922549	0.336417	0	2.2514	13.378	9.31153	0
chr7:155055674-155056174	0.437342	0	4.59197	18.6958	13.5704	0
chr7:155147425-155147925	0.437342	0	3.44952	15.6482	11.1633	0
chr7:155586120-155586620	0.302775	0	4.24678	20.7685	14.9939	0
chr7:157225935-157226435	0.336417	0	3.01702	26.9738	18.8061	0
chr7:157226253-157226753	0.336417	0	2.11303	19.7874	14.7501	0
chr7:1740601-1741101	0.336417	0	3.26606	11.3757	6.87	0
chr7:1851095-1851595	0.302775	0	0.118917	17.0706	12.9252	0
chr7:20341114-20341614	0.168208	0.119937	0	1.30788	0.72451	0
chr7:24699181-24699681	0.269133	0	0	1.18202	0.0572693	0.414912
chr7:2604668-2605168	0.302775	0	3.11459	11.6128	7.57833	0
chr7:26222354-26222854	0.336417	0	2.49834e-05	1.71248	0.255425	0
chr7:26224875-26225375	0.706475	0	0	0.455739	0.156478	0
chr7:2919591-2920091	0.302775	0	2.91049	19.1179	12.2256	0
chr7:30952354-30952854	0.269133	0	1.81431	9.76824	5.79089	0
chr7:3221094-3221594	0.269133	0	0	3.01524	0.295183	0
chr7:33102258-33102758	0.168208	0	0	1.44796	0.171649	0
chr7:344397-344897	0.336417	0	3.25475	24.9288	16.6029	0
chr7:43623186-43623686	0.134567	0	0	1.71304	0.250279	0
chr7:43790576-43791076	0.269133	0	0	1.66221	0.393115	0.414912
chr7:44107774-44108274	0.437342	0	0	1.11195	0.0869081	0
chr7:44253405-44253905	0.168208	0	0	2.08998	0.123265	0
chr7:44641733-44642233	0.134567	0	0	3.3151	0.228031	0
chr7:45003974-45004474	0.302775	0	0	3.04687	0.264711	0
chr7:47986051-47986551	0.235492	0	0.155156	11.2451	4.12567	0
chr7:49810927-49811427	0.20185	0	0	0.786383	0.706504	0
chr7:4985477-4985977	0.370058	0	4.71059	14.5063	9.35053	0.0429879
chr7:4985590-4986090	0.370058	0	4.71059	14.478	9.35112	0
chr7:5273978-5274478	0.269133	0	0	0.8969	0.406769	0
chr7:5567562-5568062	0.538267	0	0	1.20664	0.0218389	0
chr7:5568803-5569303	0.60555	0	0	1.39036	0.0253938	0
chr7:5647960-5648460	0.302775	0	0.004568	5.29889	3.32417	0
chr7:64895659-64896159	0.370058	0	0	4.26902	1.61268	0
chr7:66099778-66100278	0.20185	0	0	1.74955	0.0335717	0.0919875
chr7:6610917-6611417	0.370058	0	0	1.48335	1.05991	0
chr7:70264649-70265149	0.20185	0	0	3.40449	0.2902	0
chr7:73702389-73702889	0.168208	0	0	1.45915	0.095819	0
chr7:75795734-75796234	0.134567	0	0	2.94961	0.291967	0
chr7:76235274-76235774	0.235492	0	0	1.0962	0.438823	0.250031
chr7:7679651-7680151	0.269133	0	0	2.40304	0.118304	0
chr7:77092881-77093381	0.302775	0	0	2.11529	0.0885291	0
chr7:77466609-77467109	0.336417	0	0	1.04624	0.382158	0.696628
chr7:774770-775270	0.302775	0	0	0.251914	0.0221796	0
chr7:8005874-8006374	0.302775	0	0	1.71865	0.643619	0
chr7:8005894-8006394	0.302775	0	0	1.71865	0.643619	0
chr7:90084757-90085257	0.134567	0	0	1.52053	0.0628381	0.384415
chr7:92470506-92471006	0.20185	0	0	1.42514	0.22774	0
chr7:94121868-94122368	0.302775	0	0	2.42039	0.605237	0.177142
chr7:94291829-94292329	0.134567	0	0	1.99486	0.526434	0
chr7:98593845-98594345	0.269133	0	0	2.5776	1.07813	0
chr7:98966933-98967433	0.269133	0	0	2.19257	0.0591347	0
chr7:98993527-98994027	0.269133	0	0	2.08731	0.0503952	0
chr7:99623653-99624153	0.302775	0	0	2.79017	1.25734	0
chr7:99840978-99841478	0.336417	0.478677	0	1.88061	0.043311	0.0253407
chr7:99963247-99963747	0.302775	0	0	0.662999	0.0297275	0
chr8:103836495-103836995	0.437342	0	0	0.797192	0.0268279	0
chr8:104135988-104136488	0.437342	0	0	0.852247	0.0125879	0.0233608
chr8:10488509-10489009	0.437342	0	7.92026	18.4149	13.0758	0
chr8:10488662-10489162	0.437342	0	7.92026	19.2146	13.1877	0
chr8:105342171-105342671	0.134567	0	0	0.798893	0.020636	0
chr8:11217557-11218057	0.336417	0	8.536	18.4057	14.2072	0
chr8:11314094-11314594	0.20185	0	0.000122289	5.00927	1.09719	0
chr8:11489468-11489968	0.269133	0	2.10957	11.9963	8.81154	0
chr8:11640261-11640761	0.269133	0	2.16616	7.85893	6.15056	0
chr8:124013822-124014322	0.269133	0	6.70434	20.5644	15.4379	0
chr8:142097943-142098443	0.269133	0	2.09406	14.5046	11.0246	0
chr8:142243913-142244413	0.302775	0	0	1.32793	0.00329795	0
chr8:142549711-142550211	0.302775	0	1.15366	11.7225	8.04518	0
chr8:143890560-143891060	0.269133	0	2.78259	17.7025	13.0331	0
chr8:143890604-143891104	0.269133	0	1.95212	15.7368	11.2825	0
chr8:143898821-143899321	0.336417	0	1.11242	15.9337	10.6631	0
chr8:144263979-144264479	0.336417	0	6.04175	17.0818	13.4717	0
chr8:144458658-144459158	0.336417	0	7.22455	19.4659	14.5462	0
chr8:144472167-144472667	0.336417	0	0.000854379	8.88449	2.30724	0
chr8:144689371-144689871	0.4037	0	2.56187	16.7845	12.6996	0
chr8:144690400-144690900	0.235492	0	0	2.22061	0.0434217	0.0933473
chr8:145088726-145089226	0.302775	0	0.40374	6.621	3.44583	0
chr8:145638393-145638893	0.134567	0	0	1.78818	0.0840801	0
chr8:145752026-145752526	0.269133	0	0	2.38893	0.109925	0
chr8:17770030-17770530	0.134567	0	0	0.224469	0.0243484	0.250866
chr8:17879801-17880301	0.336417	0	0	2.34878	0.893234	0
chr8:23056070-23056570	0.302775	0	2.23875	6.54451	4.13813	0
chr8:24129414-24129914	0.134567	0	0	0.941528	0.0320328	0
chr8:24425606-24426106	0.134567	0	0	2.60004	0.108376	0
chr8:27182795-27183295	0.20185	0	0	1.43545	0.353999	0
chr8:29949044-29949544	0.639192	0	7.44736	26.6944	19.512	0
chr8:37642934-37643434	0.370058	0	8.22067	25.4019	18.7625	0
chr8:37756997-37757497	0.134567	0	0	1.2893	0.00839826	0
chr8:37962729-37963229	0.20185	0	0	0.856812	0.0257187	0
chr8:37992221-37992721	0.269133	0	0	1.14198	0.081659	0
chr8:38360058-38360558	0.4037	0	7.08597	30.3116	23.14	0
chr8:39752001-39752501	0.168208	0	0	0.561658	0.00939455	0
chr8:42123123-42123623	0.134567	0	0	1.94425	0.516451	0
chr8:42164194-42164694	0.168208	0	0	0.936409	0.291377	0.240254
chr8:42195315-42195815	0.437342	0	0	2.5705	0.0564089	0
chr8:42615518-42616018	0.4037	0	1.81049	17.7101	12.8554	0
chr8:42946128-42946628	0.134567	0	0	3.0717	0.0592504	0.0223678
chr8:55058830-55059330	0.302775	0	0	1.48517	0.149664	0
chr8:59466451-59466951	0.302775	0	0	2.6986	1.21489	0.0872535
chr8:6559839-6560339	0.370058	0	0	0.61874	0.0278701	0.0326657
chr8:66594906-66595406	0.134567	0	0	0.257634	0.0103747	0
chr8:67586672-67587172	0.302775	0	8.20257e-05	2.41396	1.32402	0.0416105
chr8:67832729-67833229	0.336417	0	0	0.312392	0.0352445	0
chr8:71527194-71527694	0.134567	0	0	1.27854	0.0562039	0.0223678
chr8:72751376-72751876	0.336417	0	0	1.43452	0.177519	0.0209784
chr8:74198618-74199118	0.504625	0	0	1.54515	0.471769	0.0233608
chr8:8126136-8126636	0.168208	0	0	1.60439	0.0904699	0
chr8:8136315-8136815	0.4037	0	0	1.0698	0.0144688	0.830107
chr8:81871193-81871693	0.302775	0	2.78391	10.2555	6.00178	0.151307
chr8:82200235-82200735	0.235492	0	0	1.19602	0.244217	0.213998
chr8:90769356-90769856	0.20185	0	0	0.534421	0.0125429	0.0369158
chr9:111779709-111780209	0.4037	0	0	1.01442	0.0703946	0
chr9:111943627-111944127	0.20185	0	0.00161378	1.48245	0.994393	0
chr9:112737079-112737579	0.20185	0	0.994187	4.90758	1.6727	0.247011
chr9:112915138-112915638	0.134567	0	0	0.843035	0.0657019	0.233081
chr9:114123104-114123604	0.134567	0	0	1.4138	0.265048	0
chr9:114782478-114782978	0.168208	0	0	0.153923	0.0209608	0.213998
chr9:115918190-115918690	0.134567	0	0	2.50418	0.314445	0
chr9:115982115-115982615	0.336417	0	0	2.92308	0.0803948	0.233081
chr9:123660569-123661069	0.538267	0	0	1.55697	0.713469	0
chr9:123660687-123661187	0.538267	0	0	1.69382	0.712443	0
chr9:123661564-123662064	0.874683	0	0	1.87546	0.331406	0
chr9:123663020-123663520	0.740117	0	0	1.21187	0.222844	0
chr9:123667368-123667868	0.437342	0	0	0.809494	0.126343	0
chr9:123678011-123678511	0.302775	0	0	1.50469	1.01979	0.555156
chr9:123684081-123684581	0.437342	0	0	0.986416	0.125974	0
chr9:123687184-123687684	0.60555	0	0	0.681892	0.0413432	0
chr9:123980093-123980593	0.302775	0	0	3.45228	0.655189	0
chr9:123980140-123980640	0.302775	0	0	3.42736	0.655172	0
chr9:124551412-124551912	0.4037	0	4.76723	17.0124	12.5132	0
chr9:124578739-124579239	0.269133	0	3.79647	12.3459	9.09917	0.256442
chr9:125164537-125165037	0.269133	0.808597	0	0.844736	0.052204	0.185628
chr9:126080510-126081010	0.235492	0	0	0.85343	0.0144681	0
chr9:126734605-126735105	0.437342	0	4.60116	29.4277	21.1476	0
chr9:127155006-127155506	0.302775	0	0	3.33097	1.26415	0
chr9:130348266-130348766	0.4037	0	4.19652	10.7523	7.92783	0
chr9:130558136-130558636	0.269133	0	0	1.1148	0.0753741	0.177142
chr9:130628018-130628518	0.470983	0	3.03796	21.2114	14.8511	0
chr9:130741479-130741979	0.168208	0	0	1.7609	0.0237616	0
chr9:131653572-131654072	0.336417	0	0	1.18391	0.0173967	0.055266
chr9:131905174-131905674	0.134567	0	0	2.01188	0.688228	0
chr9:132338071-132338571	0.370058	0	2.72178	18.0567	11.8323	0
chr9:132410168-132410668	0.370058	0	0.714059	26.4068	16.1129	0
chr9:132654293-132654793	0.20185	0	1.99801	5.0183	3.01722	0
chr9:132785277-132785777	0.336417	0	0	1.91421	0.13575	0
chr9:134723037-134723537	0.538267	0	5.75938	28.9928	17.2039	0
chr9:135279862-135280362	0.370058	0	0	0.713625	0.510105	0.523406
chr9:135964693-135965193	0.134567	0	0	1.83226	0.00652766	0
chr9:136017510-136018010	0.134567	0	5.46084e-05	2.96993	0.208013	0
chr9:136360433-136360933	0.4037	0	5.32947	22.3815	17.12	0
chr9:136465031-136465531	0.336417	0	6.65502	25.1767	16.4864	0
chr9:136890794-136891294	0.134567	0	0	0.899209	0.51881	0
chr9:137170897-137171397	0.437342	0	5.63701	27.1148	20.4838	0
chr9:138542045-138542545	0.571908	0	4.09902	17.6021	11.7903	0
chr9:138819330-138819830	0.336417	0	2.19471	15.3099	9.01007	0
chr9:138899055-138899555	0.639192	0	4.77555	16.2734	11.4738	0.0209784
chr9:139042199-139042699	0.4037	0	0.161919	23.8359	23.0712	0
chr9:139446127-139446627	0.168208	0	0	2.16748	0.309558	0
chr9:139473908-139474408	0.4037	0	0.0125752	10.8332	12.0075	0
chr9:139476526-139477026	0.269133	0	0.342138	13.692	13.558	0
chr9:139525652-139526152	0.504625	0	4.61174	20.4563	15.2085	0
chr9:139784417-139784917	0.437342	0	2.8551e-05	6.91823	3.36079	0
chr9:19374877-19375377	0.336417	0	0	0.508827	0.0185603	0
chr9:19457405-19457905	0.235492	0	0	0.694959	0.0182878	0.250866
chr9:21030510-21031010	0.269133	0	0	1.36689	0.594979	0
chr9:33082687-33083187	0.302775	0	0.0267393	7.43226	2.54575	0.264355
chr9:34098271-34098771	0.134567	0	0	1.90036	0.905385	0
chr9:34652104-34652604	0.470983	0	0.0216254	9.75063	5.72941	0
chr9:34653015-34653515	0.269133	0	0.230679	7.56062	4.78803	0
chr9:35570710-35571210	0.302775	0	0	0.689718	0.00816944	0.696628
chr9:35814178-35814678	0.168208	0	0	1.60908	0.0721401	0.506523
chr9:37368897-37369397	0.269133	0	9.05039e-05	2.32576	0.800348	0.232584
chr9:37372127-37372627	0.504625	0	0.522076	8.19585	5.38038	0
chr9:37510992-37511492	0.336417	0	0	1.96415	0.105559	0
chr9:5512090-5512590	0.134567	0	0	0.764292	0.208213	0
chr9:5832301-5832801	0.168208	0	0	0.963494	0.0725545	0.122447
chr9:79177376-79177876	0.269133	0	0	1.7655	0.0543833	0.264355
chr9:86580507-86581007	0.538267	0	0	1.96861	0.926447	0.0209784
chr9:88148378-88148878	0.269133	0	5.55198	23.4354	16.8499	0
chr9:94896120-94896620	0.168208	0	0	2.92452	0.062687	0
chr9:99246848-99247348	0.20185	0	0	1.1707	0.0601816	0.0209784
chr9:99539922-99540422	0.134567	0	0	2.76409	0.0657883	0
chr9:99540173-99540673	0.134567	0	0	2.83396	0.159439	0
chrX:100872064-100872564	0.20185	0	0	2.72162	0.595219	0.0233608
chrX:102942083-102942583	0.168208	0	0	4.31055	2.0571	0.0209784
chrX:108886205-108886705	0.134567	0	0	1.6489	0.0346321	0
chrX:109914660-109915160	0.370058	0.470774	0	3.01339	0.683074	0
chrX:118925287-118925787	0.134567	0	0	0.436754	0.0350679	0
chrX:122964032-122964532	0.302775	0	0	0.763547	0.0336094	0.213998
chrX:123093988-123094488	0.134567	0	0	0.713808	0.00989801	0
chrX:129254214-129254714	0.269133	0.0724591	0	0.571508	0.0132974	0.527852
chrX:129464629-129465129	0.134567	0	0.996497	3.37033	1.21635	0
chrX:12974088-12974588	0.302775	0	0	1.54837	0.128011	0.233027
chrX:135708309-135708809	0.370058	0	0	1.36483	0.238505	0.0374383
chrX:1368110-1368610	0.134567	0	0	0.132123	0.0162837	0.233081
chrX:1503630-1504130	0.269133	0	0	0.575196	0.0211053	0
chrX:152705400-152705900	0.302775	0	2.90558	15.4941	11.5447	0.0209784
chrX:152781523-152782023	0.336417	0	3.33668	19.2512	13.8653	0.0156492
chrX:153629562-153630062	0.504625	0	0	1.37825	0.0300334	0
chrX:19881380-19881880	0.302775	0	0	2.05083	1.04407	0
chrX:24098830-24099330	0.302775	0.169505	0	0.627559	0.101666	0
chrX:30266933-30267433	0.134567	0	0	0.52135	0.0625708	0
chrX:3733826-3734326	0.302775	0	0	0.911382	0.0090998	0
chrX:41236742-41237242	0.302775	0	0.000147206	2.65348	0.954391	0.527852
chrX:47077091-47077591	0.269133	0	0	0.313292	0.015725	0
chrX:49022885-49023385	0.168208	0	0	1.84139	0.0610487	0
chrX:49968846-49969346	0.168208	0	0.00305099	2.11008	1.2723	0
chrX:73765759-73766259	0.302775	0	0	0.235874	0.0120592	0
chrX:77069682-77070182	0.134567	0	0	1.36588	0.0328787	0.213998
