chr20:7839917-7840417	0.364259	0.011687	1.17355	0.454425	9.35236	0.792384
chr10:112033194-112033694	0.445205	0.0316936	0.172181	2.48205	1.79032	0.0834952
chr12:113655050-113655550	0.566625	0.200099	0.609433	2.0061	4.5628	0.600754
chr3:3143367-3143867	0.445205	0.00222828	0.0702938	7.15403	3.25933	0.419739
chr10:91565247-91565747	0.364259	0.00236029	0.100198	4.47441	7.25272	1.45443
chr16:68493804-68494304	0.323786	0.00770682	0.396405	3.29709	1.28391	2.09753
chr6:13454015-13454515	0.364259	0.0181776	1.35258	1.43869	4.81501	0.138516
chr15:86254983-86255483	0.445205	0.00874269	0.107151	0.698218	1.0352	0.146258
chr8:56784072-56784572	0.364259	0.010971	0.0689961	2.74578	3.25193	0.0717343
chr20:32470957-32471457	0.526151	0.0399126	0.719187	1.55948	2.28779	0.51269
chr6:135483027-135483527	0.364259	0.000600928	0.112803	3.22219	4.16203	0.564343
chr3:101538590-101539090	0.323786	0.0170974	0.216304	3.00484	2.61491	0.0713671
chr3:49458595-49459095	0.445205	0.0128186	0.0872651	4.06705	2.26179	0.987519
chr3:142164548-142165048	0.445205	0.387426	0.036189	3.41348	5.01083	0.0918062
chr6:151201507-151202007	0.323786	0.00249745	0.205669	2.74321	4.13808	0.0690516
chr17:48084759-48085259	0.364259	0.00437603	0.136419	1.92021	4.82392	0.134744
chr3:113507465-113507965	0.364259	0.448677	2.56529	2.16739	2.91148	0.572402
chr12:93204102-93204602	0.485678	0.000695363	0.0158575	5.66148	2.44043	0.0160554
chr14:39943704-39944204	0.404732	0.156954	2.27346	2.39065	2.80261	1.49441
chr9:100395276-100395776	0.364259	0.660947	1.11758	0.64314	3.06828	0.0502077
chr5:172436999-172437499	0.323786	0.00148157	0.0468695	2.19411	3.0191	0.570159
chr10:1084376-1084876	0.364259	0.0719783	0.149787	0.323523	2.79997	4.11611
chr1:226537627-226538127	0.404732	0.0165181	0.0194862	0.528338	3.26672	0.168955
chr10:70757322-70757822	0.485678	0.00259542	0.601459	1.86862	3.18279	1.43263
chr4:119319402-119319902	0.323786	0.000494647	0.019303	2.1234	2.48655	0.053219
chr9:123664979-123665479	0.364259	0.0122436	0.118854	1.37031	2.18451	0.566732
chr4:122704266-122704766	0.404732	0.763018	1.7685	2.7805	6.32151	0.062925
chr6:30936891-30937391	0.323786	0.0616814	1.13947	1.6099	4.84154	0.434909
chr8:103990520-103991020	0.323786	0.289884	0.054253	4.24466	3.90566	0.101783
chr8:23347291-23347791	0.364259	0.00228497	1.29843	3.68352	4.05041	0.0689537
chr11:94326165-94326665	0.445205	0.247991	0.992236	5.96927	0.988026	0.0697842
chr10:23737657-23738157	0.404732	0.440506	0.923445	4.73451	2.97001	0.538479
chr12:11237946-11238446	0.364259	0.00175772	0.59779	5.00645	3.143	0.00728904
chr8:41402480-41402980	0.404732	0.995444	1.19334	1.35143	1.48506	0.477368
chr5:78993527-78994027	0.445205	0.0218789	0.360132	2.57964	2.1525	0.0247086
chr10:112288674-112289174	0.728517	0.782306	0.301757	1.27437	3.80758	0.582514
chr2:231847169-231847669	0.404732	0.00174516	0.975298	3.48623	3.25283	0.638344
chr2:55204268-55204768	0.485678	0.00027115	0.018604	4.94117	5.15211	0.417383
chr7:114559472-114559972	0.445205	0.0256939	0.688426	2.86635	3.32536	0.0961587
chr9:88357372-88357872	0.485678	0.160107	1.06643	3.98154	3.94324	0.041891
chr21:35899058-35899558	0.364259	0.338415	0.587982	1.55714	3.15167	1.46642
chr9:71590586-71591086	0.323786	0.238487	1.1777	3.78006	2.41371	0.423174
chr8:22103378-22103878	0.404732	0.0724348	0.2905	1.29884	0.774733	1.43881
chr2:61198427-61198927	0.566625	0.0945368	1.39071	3.83407	2.7888	0.539721
chr22:51059952-51060452	0.404732	0.00530935	0.321976	1.79942	2.90797	1.03581
chr7:134908764-134909264	0.404732	0.000505876	0.141304	4.31547	5.99285	0.0244403
chr7:2569821-2570321	0.404732	0.0840376	1.05069	1.37794	4.04463	2.52014
chr1:153916926-153917426	0.404732	0.704122	3.36304	0.927289	2.17572	0.574882
chr4:99368240-99368740	0.445205	0.0772829	0.37888	2.06588	1.86253	1.09209
chr21:27008982-27009482	0.323786	0.00272797	0.216719	3.33751	3.68034	0.0454959
chr6:14089464-14089964	0.323786	0.0217434	0.453577	3.13376	4.95681	0.0746016
chr9:15552125-15552625	0.364259	0.09351	0.235953	0.438097	3.9455	0.968578
chr7:103073134-103073634	0.323786	0.0325827	0.00365673	3.25974	4.56265	1.54412
chr9:4754907-4755407	0.364259	0.00200773	0.497202	1.56732	2.54594	0.0717467
chr1:206943781-206944281	0.566625	0.04649	0.0985403	3.71454	3.11998	0.626536
chr8:22838122-22838622	0.404732	0.0152918	0.0588567	1.81824	4.8116	1.01657
chr17:57354390-57354890	0.607098	0.0395385	0.878764	2.79102	5.83173	0.392455
chr3:142884459-142884959	0.647571	0.00115926	0.260737	3.1176	3.35857	1.23459
chr15:38800837-38801337	0.404732	0.00145658	0.0981021	2.89092	6.70645	0.546869
chr12:54006751-54007251	0.364259	0.597334	1.08224	1.7421	3.74484	0.546291
chr15:70315551-70316051	0.728517	0.277089	1.18453	2.02853	2.94703	0.48399
chr1:212943148-212943648	0.445205	0.00934872	0.4327	2.56249	5.78081	0.0278051
chr10:73528664-73529164	0.364259	0.0110563	0.862649	2.67557	5.11969	0.436924
chr2:103003159-103003659	0.364259	0.194325	0.342974	1.85375	4.5857	0.566198
chr16:14493134-14493634	0.526151	0.00484778	0.0762286	1.99688	2.31288	0.850734
chr4:39362124-39362624	0.445205	0.0245254	0.780355	2.4194	2.62672	0.0847551
chr3:31544195-31544695	0.526151	0.00138446	0.306692	2.98456	4.33951	0.596981
chr16:30044445-30044945	0.323786	0.134496	0.0130982	0.846841	3.02029	2.00738
chr2:197014556-197015056	0.364259	0.000453703	0.0136587	3.62249	6.63295	0.0598587
chr9:139595725-139596225	0.364259	0.450668	0.524282	1.14208	1.57738	1.43269
chr1:192521844-192522344	0.364259	0.00708904	0.0916004	2.42623	3.61107	0.0685873
chr2:173913922-173914422	0.364259	0.635028	0.0724325	5.90784	2.30333	0.0677577
chr8:21966972-21967472	0.566625	1.99153	1.83859	0.257178	2.21234	0.479229
chr16:30539010-30539510	0.364259	0.0418989	0.0482246	1.32424	4.57555	0.445199
chr15:45898520-45899020	0.364259	0.0218557	0.838906	4.31686	5.29144	0.0247455
chr9:21444233-21444733	0.364259	0.33183	1.53047	1.50105	5.42467	0.0637254
chr6:159141400-159141900	0.445205	0.00550143	0.0311633	5.00486	5.35325	0.834934
chr4:146103261-146103761	0.485678	0.245889	0.0149091	2.97864	5.55115	0.0217187
chr7:99623653-99624153	0.445205	0.0216487	0.0302271	4.97922	3.29437	0.0692954
chr7:8183236-8183736	0.526151	0.00852678	0.0656359	1.84046	5.75141	0.56759
chr6:24779588-24780088	0.526151	0.0132498	0.48601	3.18055	3.3302	0.0469965
chr2:197792234-197792734	0.404732	0.0428215	0.889468	3.22077	1.41924	0.567775
chr20:9959011-9959511	0.323786	0.0102681	0.026918	3.6753	3.11123	0.0457259
chr2:43366962-43367462	0.323786	0.188989	0.698214	2.56449	1.92863	0.58082
chr5:118623102-118623602	0.404732	0.00873715	1.21911	4.98852	3.15367	0.0738377
chr10:97747742-97748242	0.364259	0.000600998	0.053159	4.93691	4.82086	0.0543669
chr9:35001805-35002305	0.404732	0.00714309	0.169825	4.14018	2.83173	0.071315
chr2:46801919-46802419	0.404732	0.00301435	0.654048	2.54596	3.23367	0.415027
chr16:15176677-15177177	0.323786	0.0179131	0.394066	4.44676	2.56252	0.103383
chr13:107213981-107214481	0.445205	0.100499	0.429337	2.21472	6.55072	0.108764
chrX:100877857-100878357	0.364259	0.365254	0.160185	1.17177	5.01696	0.503397
chrX:13715437-13715937	0.485678	0.182698	0.350065	2.43018	5.73393	0.0332197
chr3:186256468-186256968	0.404732	0.00184556	0.174918	1.94653	3.05438	0.439405
chr17:73061753-73062253	0.566625	0.00557425	0.573429	3.31444	8.55467	0.610391
chr3:33037856-33038356	0.323786	0.510569	1.0823	3.28511	1.28042	0.519489
chr6:43514812-43515312	0.445205	0.0141209	1.04239	1.50803	4.24115	0.517304
chr12:56440761-56441261	0.971357	0.568268	1.38378	1.57998	3.45359	0.0953963
chr7:48170171-48170671	0.364259	0.00326543	0.304785	4.22787	2.7508	0.433659
chr5:82696850-82697350	0.404732	0.335025	0.55273	4.49695	3.00165	0.0585846
chr2:36887096-36887596	0.323786	0.225417	1.01723	3.17417	2.78578	0.597601
chr16:3115063-3115563	0.364259	0.583864	0.87482	0.993427	4.39554	1.7439
chr2:128063490-128063990	0.364259	0.458331	0.970862	3.01675	4.6088	0.0300328
chr6:126085331-126085831	0.566625	0.17578	0.991084	2.68752	3.95244	0.5612
chr5:94927220-94927720	0.323786	0.0384621	0.0498087	4.71629	3.55938	0.533417
chr12:112620969-112621469	0.445205	0.0101484	0.238808	3.6396	4.40331	1.45427
chr2:135740121-135740621	0.445205	0.256448	1.07969	2.90616	3.32707	0.0794375
chr3:182685584-182686084	0.323786	0.0273195	0.0785966	2.16794	2.88128	0.60461
chr6:88408393-88408893	0.364259	0.00700067	0.657529	2.9722	4.06069	0.0499986
chr16:10902024-10902524	0.323786	0.000634501	0.0943488	1.96998	1.86084	0.949125
chr20:42902090-42902590	0.323786	0.056805	0.345877	2.88746	2.75219	0.108151
chr6:124091348-124091848	0.364259	0.00602106	0.903697	4.61158	1.46097	0.45157
chr19:50682462-50682962	0.526151	0.600863	1.92443	2.78413	2.16535	0.875044
chr9:86322885-86323385	0.526151	0.745487	1.46136	1.62436	3.42892	0.0817474
chr1:70877713-70878213	0.607098	0.942584	0.124235	2.08318	1.65813	0.59693
chr11:108491603-108492103	0.809464	0.0304579	0.410415	6.09232	4.10288	0.0354573
chr1:55264426-55264926	0.526151	1.08275	1.10673	1.61437	2.15187	1.99351
chr10:100241160-100241660	0.526151	0.00324466	0.0162856	4.18208	4.16115	0.425968
chr1:231465260-231465760	0.364259	0.350662	1.05538	2.21352	3.3664	0.634277
chr5:159579908-159580408	0.323786	0.0109046	0.109393	4.19946	5.60887	0.0521043
chr3:10215505-10216005	0.323786	0.620131	1.68077	1.48246	4.41451	1.44167
chr5:5116994-5117494	0.404732	0.0136076	0.253765	4.65293	3.91931	0.0714609
chr2:64130078-64130578	0.323786	0.000386304	0.199934	2.94241	5.31653	0.01946
chr2:198565585-198566085	0.323786	0.0373114	0.0674699	2.48914	1.86269	0.140182
chr3:185313320-185313820	0.404732	0.0924332	0.72423	1.93818	5.23021	0.0619075
chr3:131266317-131266817	0.445205	0.309028	1.04364	3.43247	5.11728	1.93424
chr22:40742238-40742738	0.364259	0.00279842	0.00450512	0.103038	1.51316	1.10165
chr8:54924555-54925055	0.607098	0.00454667	0.15251	3.53983	3.89681	0.0751771
chr3:196007532-196008032	0.445205	0.0377272	0.127535	3.30775	3.73757	0.582305
chr5:14678748-14679248	0.485678	0.887062	0.166895	3.52641	1.98831	0.0873628
chr3:99929539-99930039	0.688044	0.322313	1.00098	1.9536	4.40739	0.467763
chr19:40696263-40696763	0.485678	0.0212351	1.18329	1.58643	3.20774	0.0927652
chr3:150353247-150353747	0.364259	0.000246661	0.0141917	1.94679	5.33541	0.950522
chr8:11356302-11356802	0.404732	0.00239392	0.579792	4.33882	1.9001	0.59189
chr22:18540364-18540864	0.526151	0.758426	0.982756	3.28683	4.1105	0.953949
chr20:5112076-5112576	0.323786	0.272145	1.021	1.83478	3.23697	0.451795
chr2:73830335-73830835	0.364259	0.00695005	0.0442501	4.32231	3.95131	0.0386421
chr6:167243911-167244411	0.526151	0.0299139	0.100397	1.67977	5.66892	1.57143
chr2:109451542-109452042	0.404732	0.00083385	0.166588	6.42192	1.37191	0.428888
chr12:25308009-25308509	0.404732	0.00491369	0.0431241	4.77726	7.00402	0.0245525
chr1:59738134-59738634	0.364259	0.00230442	0.0589719	3.05127	4.68211	0.864276
chr10:22540844-22541344	0.445205	0.00124811	0.013035	1.92258	8.14238	0.0451724
chr18:72262721-72263221	0.323786	0.0246646	0.993698	5.01605	6.57341	0.0739294
chr2:209159259-209159759	0.364259	0.00207874	0.0327216	1.41635	6.0275	0.634474
chr19:6126256-6126756	0.647571	0.854267	2.11175	0.787537	1.11673	0.0475762
chr15:52298543-52299043	0.89041	0.0189258	0.110909	3.37987	2.71182	0.552161
chr2:169796303-169796803	0.323786	0.0369568	0.146048	6.03431	4.2001	0.0503701
chr13:99922018-99922518	0.364259	0.686767	0.280005	3.63289	1.63945	0.0420651
chr7:137671428-137671928	0.445205	0.0383903	0.0451173	2.0979	5.30129	0.532065
chr18:3250596-3251096	0.364259	0.00842486	0.274502	5.5227	3.78533	0.0289921
chr7:20341114-20341614	0.445205	0.000988665	0.0933163	5.61017	4.81816	0.0603019
chr6:159224581-159225081	0.404732	0.000277493	0.102252	2.18266	2.61646	0.0653841
chr19:55517336-55517836	0.485678	0.22691	3.0076	2.67559	9.27906	0.074333
chr5:39077068-39077568	0.364259	0.0026594	0.19879	5.25692	5.03037	0.0375615
chr12:78209925-78210425	0.485678	0.0053752	1.03944	3.06876	5.1326	0.06085
chr19:35927539-35928039	0.323786	0.00469882	0.0287018	1.14826	5.30441	0.463491
chr5:43234013-43234513	0.485678	0.00464633	1.41477	4.03955	4.20307	0.0851917
chr3:16565106-16565606	0.607098	0.0491804	0.381977	3.65829	3.15953	0.578861
chr19:39146063-39146563	0.607098	0.00321094	0.260028	4.41349	1.78544	1.03489
chr1:59758146-59758646	0.364259	0.0229033	0.105528	3.16847	2.83335	0.57682
chr6:28271266-28271766	0.607098	0.0495861	0.385566	2.06374	5.12046	0.0704951
chr5:124131568-124132068	0.364259	0.0110133	0.320597	2.55372	3.92797	0.457028
chr19:40048986-40049486	0.364259	0.230707	0.44738	3.21168	5.47548	0.57218
chr1:167569307-167569807	0.445205	0.331705	1.23109	1.80541	3.3156	0.571682
chr2:30449226-30449726	0.485678	0.00319944	0.86337	2.14438	5.70826	0.0646207
chr1:85744517-85745017	0.526151	0.0123949	0.687299	3.78793	6.16072	0.440477
chr11:58938952-58939452	0.688044	0.350805	0.908673	0.559697	2.73359	0.122471
chr16:10982406-10982906	0.364259	0.00335449	0.649305	0.442132	3.31316	0.481082
chr9:100628984-100629484	0.364259	0.00647523	0.157201	3.81872	5.61434	0.0329697
chr15:69086823-69087323	0.364259	0.000356415	0.0153773	4.1741	3.48524	0.454792
chr1:167013230-167013730	0.485678	0.336757	0.877418	1.4959	5.97498	0.952808
chr6:30735301-30735801	0.445205	0.011209	0.332846	0.594877	4.92535	2.26519
chr3:3151027-3151527	0.445205	0.761086	0.332201	3.64527	3.04898	0.0485854
chr11:129988037-129988537	0.485678	0.0266992	1.1146	3.8962	4.36896	0.0469167
chr7:5567717-5568217	0.728517	0.0722103	0.136603	0.516632	2.43462	1.08344
chr3:194338561-194339061	0.323786	0.455922	0.231504	3.40721	4.72251	0.49288
chr10:30447324-30447824	0.364259	0.0536913	1.30979	3.95756	5.62461	0.449622
chr1:90092263-90092763	0.323786	0.0212635	0.7617	2.08983	4.08297	0.064544
chr20:33492072-33492572	0.323786	0.0292587	0.894007	3.08081	5.97409	0.427233
chr7:155453356-155453856	0.688044	0.0307351	1.74371	3.60941	5.30486	0.0733678
chr2:227703369-227703869	0.404732	0.178814	1.26353	5.01472	6.80226	0.0294972
chr1:22379944-22380444	0.364259	0.867732	1.0475	1.55529	2.66511	0.0578962
chr2:201994150-201994650	0.688044	0.00357713	2.31558	3.07668	4.38747	0.571113
chr3:156530271-156530771	0.404732	0.6711	0.928517	1.88273	2.74453	0.979767
chr9:135248927-135249427	0.485678	0.029096	0.0319644	3.35701	4.41716	1.08241
chr3:120277723-120278223	0.768991	0.0911566	0.514895	1.21222	2.06475	0.847668
chr6:159505466-159505966	0.404732	1.55126	1.25054	2.54762	2.23245	0.019087
chr17:61774638-61775138	0.526151	0.0033182	0.2872	1.1224	4.92019	0.965978
chr7:150367992-150368492	0.526151	0.383182	0.446484	3.5057	2.59784	0.0637047
chr3:158564822-158565322	0.364259	0.0120213	0.166519	3.61405	2.64207	0.104585
chr22:32340123-32340623	1.09278	0.744491	0.913667	0.0419999	2.00344	0.936575
chr2:144658828-144659328	0.485678	0.00141076	0.376102	3.76883	6.36723	0.601352
chr9:135777218-135777718	0.445205	0.00797214	0.332475	3.57786	3.7555	0.615394
chr12:66697216-66697716	0.485678	0.0170772	0.298672	1.3393	4.16565	0.0725835
chr12:58138163-58138663	1.0523	1.68621	1.30068	0.834696	1.22651	0.627593
chr5:79285914-79286414	0.323786	0.0025231	0.0566059	2.77299	3.5288	0.0289734
chr10:75410171-75410671	0.930883	0.425381	1.04009	3.42211	4.74856	0.918956
chr6:11493442-11493942	0.404732	0.0231284	0.556017	0.289654	2.89062	0.599756
chr5:37875491-37875991	0.364259	0.031943	1.03951	4.94836	4.86417	0.0745543
chr3:56722236-56722736	0.404732	0.110182	0.274605	3.91938	2.25345	0.0638429
chr6:52026426-52026926	0.404732	0.00155206	0.0483847	5.07355	2.56912	0.439763
chr14:90920626-90921126	0.404732	0.746937	1.00497	1.55793	3.72115	1.39637
chr1:40442904-40443404	0.364259	0.0681792	1.44697	4.91329	2.09064	0.0637874
chr10:94457706-94458206	0.445205	0.314292	0.182091	4.07558	6.2214	0.447098
chr6:41266838-41267338	0.445205	0.0592971	0.75156	5.28619	4.81872	0.405464
chr20:53282393-53282893	0.323786	0.0227631	0.102467	5.74598	4.97918	0.0197415
chrX:19368995-19369495	0.364259	0.337195	0.362555	1.73667	3.66142	1.48804
chr18:29371764-29372264	0.445205	0.0319256	0.0560753	2.48497	3.27025	0.614253
chr1:93324438-93324938	0.404732	0.00467168	0.0845584	2.86949	4.22624	0.0417666
chr3:113502390-113502890	0.445205	0.3241	1.02064	4.46881	2.3655	0.538282
chr3:128997507-128998007	0.445205	0.217576	0.0127752	0.0852664	2.04774	0.875726
chr7:130782341-130782841	0.445205	0.0192071	0.836211	3.80781	2.97944	0.438721
chr8:49838322-49838822	0.323786	0.761598	1.50413	3.28047	2.75602	0.0304352
chr13:49062935-49063435	0.445205	0.00675929	0.472495	1.89908	4.11523	0.0264246
chr5:132010222-132010722	0.728517	0.000436923	0.0730734	3.5986	5.22655	0.609831
chr1:41164613-41165113	0.485678	0.0367763	1.30821	1.62049	2.11317	0.450127
chr5:141013684-141014184	0.445205	0.0148026	0.00975	2.0484	3.93576	0.52985
chr7:37851924-37852424	0.404732	0.000632523	0.0219101	3.60329	4.16653	0.550204
chr7:95955977-95956477	0.364259	0.0307256	0.583281	4.59163	2.08409	0.822597
chr16:12711304-12711804	0.404732	0.127827	0.787381	0.488452	2.61944	0.584443
chr10:120746689-120747189	0.404732	0.0675141	0.343507	4.24916	5.66743	0.0602488
chr19:925154-925654	0.445205	0.00284363	0.727868	0.979747	2.55315	1.22607
chr2:188340589-188341089	0.323786	0.109297	0.507397	3.5899	4.85475	0.585619
chr4:122228453-122228953	0.647571	0.00483084	0.971623	3.74693	5.42004	0.537568
chr11:77167878-77168378	0.364259	0.124869	0.138003	2.06666	3.16857	1.08327
chr3:170146724-170147224	0.485678	0.0391672	1.04914	2.85639	4.91944	0.533171
chr17:62488546-62489046	0.526151	0.833179	0.842186	2.74432	2.37443	0.0547541
chr10:70855814-70856314	0.445205	0.00401834	0.103814	4.04443	3.36849	0.619781
chr18:29354347-29354847	0.364259	7.20898e-05	0.00983387	2.70626	5.67868	0.947797
chr9:71160298-71160798	0.404732	0.00560293	0.025574	3.40471	8.1206	0.440175
chr6:168233096-168233596	0.404732	0.00208934	0.660566	2.80285	4.30349	0.0247157
chr6:26330382-26330882	0.445205	0.00754491	0.0721984	1.59613	3.72106	0.0909817
chr18:8673354-8673854	0.404732	0.0183889	0.717499	1.99569	2.7045	0.0763934
chr20:30950682-30951182	0.364259	0.00233513	0.0433703	3.4595	4.15059	0.518308
chr3:32992685-32993185	0.364259	0.263546	0.962014	2.87608	4.24165	0.0733393
chr6:37255559-37256059	0.323786	0.00180799	0.240713	4.94742	4.45551	0.0603588
chr16:11299820-11300320	0.404732	0.735176	0.504718	0.341146	1.0612	2.24908
chr5:118556226-118556726	0.526151	0.0552355	1.20014	3.18882	5.19911	0.0332401
chr3:178686811-178687311	0.404732	0.0101412	0.170418	2.98079	3.87666	0.524798
chr1:160996635-160997135	0.526151	0.00404453	0.0579826	4.29739	4.17243	0.790325
chr2:20357095-20357595	0.364259	0.0941487	0.403407	1.26433	4.761	0.983661
chr22:31978425-31978925	0.323786	0.0268158	0.107482	2.71171	3.18191	0.0608269
chr4:40189139-40189639	0.404732	0.0602767	0.0934329	3.15011	2.61402	0.0631575
chr6:118844299-118844799	0.364259	0.488147	1.2305	3.06528	1.88419	0.507738
chr14:75625839-75626339	0.364259	0.613457	0.623037	3.15586	4.54716	0.0164095
chr3:150102653-150103153	0.445205	0.469884	0.0221326	1.20927	6.38412	0.0530939
chr1:9963918-9964418	0.485678	0.00267381	0.0260134	4.51828	4.86423	0.41691
chr7:17986171-17986671	0.404732	0.0566881	0.609675	5.41179	5.46257	0.0711137
chr19:55034439-55034939	0.526151	0.00659577	0.183024	2.65506	2.18062	0.858707
chrX:112094376-112094876	0.566625	0.0187267	0.259612	1.30181	3.45099	0.568646
chr6:132725440-132725940	0.607098	0.00064378	0.0956217	2.90723	3.94464	0.0497026
chr16:25287934-25288434	0.445205	0.278015	1.144	3.06929	2.66227	0.0378207
chr2:70361636-70362136	0.404732	0.0449189	0.0310128	3.60603	2.12026	0.111325
chr2:173964398-173964898	0.445205	0.00283415	0.788281	4.25348	2.03745	0.572223
chr3:122018011-122018511	0.364259	0.00214409	0.0134612	3.54419	3.34428	0.0520267
chr1:36689184-36689684	0.404732	0.068236	0.95826	1.07862	3.73019	1.32749
chr17:43210114-43210614	0.566625	0.682522	0.935816	0.0479312	1.3269	1.77088
chr2:20421577-20422077	0.364259	0.249349	0.99411	1.98768	5.49205	1.81281
chr4:186358882-186359382	0.364259	0.0340647	0.251186	3.80898	7.18889	0.0362007
chr1:91491815-91492315	0.364259	0.4321	0.685871	2.86993	4.86493	0.0418113
chr6:107385587-107386087	0.323786	0.119143	0.908307	3.22336	3.94312	0.602483
chrX:12965260-12965760	0.445205	0.400266	1.04346	1.23829	4.88145	0.587614
chr7:49810889-49811389	0.323786	0.102152	0.507891	4.12474	2.68457	0.0679471
chr4:185158703-185159203	0.445205	0.118078	0.919442	3.27945	1.76769	0.561516
chr5:64357213-64357713	0.607098	0.00227386	0.711847	0.483985	2.50273	1.87372
chr20:13665102-13665602	0.404732	0.00173803	0.119683	2.95441	1.93816	1.46379
chr6:70523387-70523887	0.404732	0.00742142	0.158032	3.84693	6.48643	0.419952
chr20:44992047-44992547	0.323786	0.0556199	1.13369	2.35555	4.26557	1.09214
chr2:219446752-219447252	0.323786	0.0420716	1.49175	4.68815	2.49289	0.571233
chr20:47883860-47884360	0.404732	0.00522299	0.781143	1.75358	3.53557	0.815258
chr2:201831477-201831977	0.445205	0.0829658	1.01855	3.26893	5.49986	0.0646716
chr1:158123769-158124269	0.404732	0.000944589	0.150515	2.44456	4.04914	0.417096
chr15:100435296-100435796	0.485678	0.00591891	0.439302	4.15313	4.87047	1.18014
chr4:110623870-110624370	0.526151	0.000659736	0.0612987	2.37153	2.36209	0.114106
chr5:71736077-71736577	0.404732	0.0332267	0.0762737	3.48415	3.82297	0.0640941
chr4:110630073-110630573	0.404732	0.0120802	0.0578973	1.661	3.64786	2.30885
chr19:2956337-2956837	0.607098	0.263967	0.754569	0.363878	2.72476	0.168305
chr10:98101388-98101888	0.445205	0.0036233	0.567875	4.40793	5.71552	1.19709
chr6:90569440-90569940	0.323786	0.00703195	0.580748	3.65072	2.62109	0.0795924
chr6:138732297-138732797	0.323786	0.0428582	1.69852	3.90895	4.86065	0.916829
chr1:110418478-110418978	0.364259	0.00677609	0.0705579	3.9756	5.24664	0.520222
chr17:48404172-48404672	0.323786	0.00244666	0.0677337	1.83019	6.15299	0.45683
chr2:19547871-19548371	0.809464	1.14621	2.98347	0.562031	1.76209	0.641485
chr9:37566686-37567186	0.566625	0.145177	0.270784	5.30277	6.82423	0.42238
chr12:110449878-110450378	0.364259	1.17838	0.0771995	4.18718	4.10559	0.0801737
chr7:6220805-6221305	0.323786	0.149038	0.499936	2.55585	4.35841	0.0412033
chr4:154360289-154360789	0.526151	0.00374177	0.407178	1.61141	3.41803	0.0992206
chr10:111756192-111756692	0.364259	0.0662872	0.84112	3.99346	4.78243	0.434837
chr15:91530269-91530769	0.364259	0.00521092	0.0524778	1.08926	3.33392	0.0688796
chr1:160575002-160575502	0.364259	0.00567264	0.805342	1.24195	2.03258	0.971162
chr6:149950248-149950748	0.485678	0.00789708	0.086486	4.13168	5.19508	0.476858
chr9:93558229-93558729	0.323786	0.349556	0.190565	4.50064	4.72391	0.547707
chr3:125230934-125231434	0.364259	0.00280438	0.095195	4.83548	2.09126	0.898274
chr11:113644592-113645092	0.485678	0.877569	0.4817	3.91801	2.46579	0.5212
chr4:36352668-36353168	0.404732	0.00225048	0.146897	2.78875	2.05089	0.0669991
chr22:38597577-38598077	0.364259	0.746547	1.88401	3.13544	1.77287	0.475697
chr14:75946649-75947149	0.364259	0.00918115	0.441386	0.536138	6.56612	0.0878615
chr9:132793365-132793865	0.809464	0.143667	0.987662	0.351383	1.64622	0.442994
chr1:55088223-55088723	0.607098	0.0916379	1.22767	1.69146	3.34212	1.76551
chr5:14671487-14671987	0.647571	0.135677	0.994029	2.81819	5.47031	0.0771287
chr11:9191129-9191629	0.445205	0.138221	0.988329	4.03204	3.39497	0.136448
chr3:152050495-152050995	0.404732	0.000178177	0.113945	2.42163	3.48526	0.0456094
chr12:51912427-51912927	0.364259	0.764943	0.488057	3.00912	2.40093	1.0762
chr14:95672802-95673302	0.364259	0.191789	0.680694	2.42734	1.89089	0.580456
chr10:24752665-24753165	0.647571	0.664934	1.13111	3.45213	3.91593	0.493556
chr5:157009744-157010244	0.485678	0.425533	0.551624	2.07661	2.13188	0.0536211
chr7:36097595-36098095	0.404732	0.0045892	0.540324	2.15097	4.03169	2.32738
chr19:46117485-46117985	0.404732	0.0103221	0.0846808	2.10175	4.64009	1.5056
chr17:41401628-41402128	0.364259	0.503283	0.642643	2.01344	3.93491	0.0925898
chr1:236348816-236349316	0.364259	0.40238	0.61228	2.12975	3.61621	0.970109
chr4:140135295-140135795	0.323786	0.102704	1.05874	1.10567	1.53256	0.431114
chr17:5136071-5136571	0.364259	0.327719	0.838136	0.96251	3.36923	0.0803619
chr1:224565311-224565811	0.404732	0.0136873	0.0500499	2.62529	4.14011	0.590126
chr2:113540028-113540528	0.526151	0.0422996	0.126885	4.70117	2.50108	0.454455
chr20:2759214-2759714	0.323786	0.0501712	0.0557722	5.83326	3.77103	0.580888
chr6:106972835-106973335	0.566625	0.0107385	0.193097	2.67132	4.71975	0.024815
chr4:37633925-37634425	0.526151	0.621153	0.437229	2.5408	1.02429	0.549309
chr19:47597011-47597511	0.364259	0.0600364	0.100576	2.78704	3.31548	1.74524
chr2:54214531-54215031	0.364259	0.00942531	1.66004	2.05765	4.18796	0.0605078
chrX:133940905-133941405	0.364259	0.68461	1.09754	3.22177	4.76819	0.449896
chr15:63776034-63776534	0.445205	0.00131309	0.0794469	3.24612	3.14092	0.5929
chr6:167626116-167626616	0.323786	0.00594607	0.117148	4.44884	2.30842	1.09852
chr5:108747208-108747708	0.364259	0.168319	0.983825	2.29861	3.26181	0.0413354
chr2:157287537-157288037	0.607098	0.00345253	0.576704	2.23777	9.6466	0.557297
chr12:31915999-31916499	0.445205	0.0387339	0.128473	4.51651	4.46034	0.100416
chr17:30855725-30856225	0.364259	0.00717526	0.0536392	1.66144	1.52367	1.11036
chr18:21566819-21567319	0.566625	0.00721646	0.140358	7.4381	3.19778	0.073946
chr6:105885039-105885539	0.364259	1.05027	0.518017	2.97542	1.99142	0.0222048
chr6:12261741-12262241	0.485678	0.901481	0.952243	1.42973	2.7646	0.590451
chr17:4802540-4803040	0.364259	1.58561	1.58454	1.04702	1.93868	0.869667
chr21:46937627-46938127	0.404732	1.15477	0.768148	1.96465	3.09696	0.472305
chr12:64616135-64616635	0.930883	1.18488	1.73143	1.3441	1.41489	0.115306
chr9:135996894-135997394	0.364259	0.0488107	0.522615	0.455503	2.39867	0.640879
chr4:146112634-146113134	0.364259	0.0140658	0.149214	1.30624	5.11489	0.480888
chr6:22322696-22323196	0.404732	0.00140508	0.0387529	3.04504	2.07205	0.0684739
chr1:248591308-248591808	0.445205	0.00273623	0.0521569	5.11674	3.76894	1.32799
chr12:22630779-22631279	0.404732	0.384196	1.36689	4.71788	4.25094	0.00876974
chr15:63853044-63853544	0.404732	0.609454	1.17631	2.61756	4.88224	0.0676447
chr15:45748711-45749211	0.485678	0.822731	1.01461	2.29832	2.86386	1.085
chr1:89333256-89333756	0.485678	0.662241	1.11902	3.01722	3.87317	0.523754
chr20:3057362-3057862	0.323786	0.849198	0.774357	1.18377	5.0359	1.46829
chr17:27542763-27543263	0.404732	0.99945	0.0731994	3.39625	2.99343	0.595034
chr1:179058016-179058516	0.688044	0.0171211	0.251815	1.52503	4.33156	1.38352
chr9:114566156-114566656	0.404732	0.0299852	0.636776	3.01251	5.23784	0.411438
chr20:2865120-2865620	0.323786	0.0184032	0.0339495	4.31283	3.31237	0.611743
chr2:99055019-99055519	0.364259	0.00237305	0.55138	4.59113	4.62683	0.0567235
chr1:27958049-27958549	0.728517	0.0630427	0.516323	1.19173	5.18643	0.924202
chr12:68569230-68569730	0.445205	0.202939	1.30205	2.42387	6.60083	1.42669
chr2:216848254-216848754	0.404732	0.00495072	0.247425	3.92128	1.3599	0.838859
chr5:75987587-75988087	0.485678	0.00105975	0.568858	3.94503	6.87414	0.0381478
chr20:48392713-48393213	0.323786	0.00731308	1.39882	2.25989	7.40148	0.555171
chr5:60458965-60459465	0.323786	0.00608376	0.444756	2.68291	1.92315	0.0422713
chr17:48840428-48840928	0.485678	0.134684	1.93757	1.45558	2.66094	0.474294
chr22:50686144-50686644	0.323786	0.541847	0.952036	0.692853	1.26588	2.17772
chr5:176839496-176839996	0.364259	0.0943231	0.309012	1.49811	6.42442	0.554993
chr18:48359079-48359579	0.566625	0.00430459	0.249133	2.44306	4.14086	0.44208
chr3:156365791-156366291	0.445205	0.0110873	0.302173	2.18931	3.80372	0.448792
chr19:2775917-2776417	0.323786	0.623046	1.07547	0.711947	3.40261	0.138338
chr17:37640428-37640928	0.323786	0.0589902	0.257166	5.51851	1.09933	0.532731
chr4:100324807-100325307	0.323786	0.156773	0.194619	4.29777	7.45723	0.411301
chr19:54997475-54997975	0.323786	0.00522099	0.094184	3.54245	2.86508	0.0680708
chr10:75229250-75229750	0.849937	0.142159	2.05646	0.894184	5.27173	0.0527352
chr6:30973305-30973805	0.526151	0.192382	0.667423	2.919	2.96227	0.0983768
chr1:205562662-205563162	0.526151	0.00530693	0.612664	1.37704	2.89626	0.930882
chr8:38160798-38161298	0.364259	0.00171406	0.265067	1.61848	3.19543	0.0450533
chr4:39028817-39029317	0.323786	0.0248782	1.27424	2.49589	6.44182	0.0811023
chr19:8070490-8070990	0.364259	0.551415	0.852954	0.00660617	1.23813	0.13341
chr9:111779723-111780223	0.445205	0.00540125	0.0252397	2.77593	5.27763	0.444792
chr9:5583282-5583782	0.485678	0.00120625	0.00521724	1.90863	3.07916	0.863719
chr9:27491112-27491612	0.485678	0.00494714	0.882998	4.50032	4.25557	0.550147
chr2:85146458-85146958	0.607098	0.00597889	0.585707	2.41084	1.37717	0.454445
chr12:51178596-51179096	0.404732	0.0824207	0.554535	1.88936	1.55861	0.0555808
chr1:89828673-89829173	0.445205	0.00404899	0.0574651	2.54899	5.05848	1.32203
chr1:16275134-16275634	0.607098	0.375817	0.665374	3.18138	4.17347	0.416541
chr6:31272426-31272926	0.445205	0.683048	2.22503	2.25836	4.2848	0.467061
chr3:46412210-46412710	0.364259	0.00111714	0.217777	3.32128	4.76555	0.0417394
chr15:57256398-57256898	0.404732	0.13561	1.08104	4.27338	5.19525	0.543454
chr13:45151764-45152264	0.404732	0.00343692	0.0391466	0.658525	2.61324	0.635529
chr6:150255280-150255780	0.485678	0.409326	2.97769	2.40999	2.82024	1.01577
chr1:172314120-172314620	0.404732	0.128955	0.171581	2.38161	6.91695	0.0446542
chr2:36873309-36873809	0.485678	0.321988	1.33873	4.40117	2.33081	0.0799046
chr14:52332905-52333405	0.526151	0.343715	1.81705	2.12783	5.46474	0.112796
chr1:248645530-248646030	0.566625	0.0594995	0.236605	3.05657	7.74521	0.944992
chr13:42072053-42072553	0.364259	0.0017658	0.713064	4.29382	4.44144	0.0603869
chr6:138148934-138149434	0.364259	0.0297291	0.360572	0.952389	1.73273	1.71997
chr3:133311680-133312180	0.364259	0.00631367	0.388041	3.857	2.51637	0.108251
chr6:166913147-166913647	0.445205	0.00377734	0.187639	6.73597	1.0127	0.444583
chr4:40194252-40194752	0.364259	0.00510798	0.0125725	0.86457	3.91922	0.591148
chr20:21252831-21253331	0.364259	0.00859215	0.0517541	2.3203	3.4462	0.0598241
chr8:128710245-128710745	0.364259	0.0367414	0.170956	2.31241	2.66323	1.31648
chr11:57568138-57568638	0.404732	0.0212358	0.739865	2.34875	4.6557	0.56482
chr11:61732762-61733262	0.445205	0.181175	0.0828134	1.82033	4.69716	1.20001
chr6:71089964-71090464	0.404732	0.255203	1.14483	3.26327	2.19412	0.941606
chr21:47673544-47674044	0.445205	0.00407981	0.901995	0.319903	4.19942	0.466448
chr5:169739651-169740151	0.323786	0.508842	1.19821	3.36999	2.77132	0.483204
chrX:77069689-77070189	0.445205	0.332742	0.738902	2.46622	4.68382	0.0855878
chr17:17295276-17295776	0.323786	0.0168147	0.208155	0.924844	3.83164	0.57247
chr1:207585436-207585936	0.607098	0.00505152	0.0339084	2.315	3.94051	0.602463
chr3:3116151-3116651	0.323786	0.0895662	0.595502	4.34446	1.81704	0.0650333
chr4:71667049-71667549	0.364259	0.179889	0.109395	2.28822	3.03515	0.593612
chr7:102790113-102790613	0.404732	0.270662	1.03013	1.86962	1.02	0.561715
chr13:32889876-32890376	0.404732	0.925647	0.6572	0.571494	1.81178	0.074156
chr15:99495525-99496025	0.809464	0.00118511	0.0356998	4.29789	2.62046	0.591938
chr1:117594012-117594512	0.485678	0.0156541	0.537813	4.44475	5.05252	0.069577
chr15:37103159-37103659	0.364259	0.351724	1.10003	0.74926	4.10975	0.447261
chr5:43601862-43602362	0.364259	0.00262958	0.0888044	3.45214	2.34115	0.459142
chr20:62643673-62644173	1.29514	0.00418412	0.0312943	0.117832	14.9088	0.00266423
chr15:89184950-89185450	0.404732	0.0202706	0.250835	2.20826	2.4411	0.145067
chr10:27259558-27260058	0.404732	0.000875091	0.115304	3.66269	4.226	0.036973
chr7:150358327-150358827	0.526151	0.000264987	0.0753753	2.82533	3.09404	0.590512
chr5:43315379-43315879	0.445205	0.0810403	0.094499	5.38724	4.62699	0.0378097
chr2:85791246-85791746	0.445205	0.669885	0.755975	1.26284	3.86679	0.0978182
chr2:216844327-216844827	0.364259	0.00080195	0.883926	2.0942	4.21203	0.0575931
chr16:30884550-30885050	0.323786	0.00147451	0.218063	4.39686	2.31512	0.936401
chr12:123293318-123293818	0.445205	0.0167852	0.0191861	2.69577	2.73689	0.491737
chr3:159647366-159647866	0.364259	0.02623	0.882505	3.417	4.59799	0.100963
chr22:36558729-36559229	0.445205	0.00256512	0.0359225	1.77765	2.17247	0.0865524
chr19:2260231-2260731	0.688044	0.0016798	0.864996	0.880865	5.04087	0.102805
chr13:52371783-52372283	0.364259	0.00692093	1.44504	0.91913	1.66608	0.492659
chr16:3745424-3745924	0.485678	0.459702	0.99533	1.54663	4.479	0.126663
chr14:66416537-66417037	0.445205	0.113189	0.198325	2.28449	2.01338	0.101533
chr17:29640871-29641371	0.566625	0.0637465	0.44389	2.94907	3.7104	0.0409695
chr11:95511748-95512248	0.364259	0.204803	1.0456	6.05892	4.0794	0.051028
chr1:75147111-75147611	0.404732	0.00370451	0.0953523	2.73717	4.67584	0.0376278
chr8:134247441-134247941	0.323786	0.0339047	0.122827	1.35422	3.69502	2.0273
chr2:153468328-153468828	0.526151	0.111395	0.237218	2.67696	5.86245	0.0819933
chr7:20339455-20339955	0.323786	0.00195994	0.0154216	1.31957	4.10049	0.093825
chr8:124560505-124561005	0.445205	0.256975	0.211776	3.638	2.79119	0.0882072
chr14:50329352-50329852	2.14508	1.56938	0.885062	0.442927	0.894402	0.136607
chr9:35814178-35814678	0.364259	0.622839	0.933955	1.77169	5.04645	0.442208
chr4:184659226-184659726	0.323786	0.229367	0.0235871	5.05407	0.54157	0.0610818
chr2:220119297-220119797	0.364259	0.404664	1.51965	3.14135	5.67302	0.120146
chr17:27450940-27451440	0.323786	0.232787	0.852677	0.835864	4.26902	0.136798
chr2:17994907-17995407	0.647571	0.00166884	0.033873	4.48316	7.61006	1.05059
chr7:148684273-148684773	0.607098	0.781183	0.314695	3.54109	2.50463	0.593914
chr6:27775727-27776227	0.647571	0.688168	0.308928	0.60649	2.7022	0.0654986
chr9:21096365-21096865	0.323786	1.57601	0.656533	1.99935	4.25653	0.0435571
chr4:159786578-159787078	0.404732	0.00096643	0.105962	6.94636	2.81361	0.0374125
chr3:152230918-152231418	0.404732	0.51722	0.620918	3.984	2.36983	0.0509287
chr1:230594302-230594802	0.404732	0.035745	0.0304546	2.80964	7.23817	0.455729
chr13:111127852-111128352	0.404732	0.00431408	0.842687	1.19516	3.34929	0.0642296
chr5:75904652-75905152	0.647571	0.518023	2.74371	1.43173	2.64757	0.0939304
chr1:192774918-192775418	0.364259	0.016874	0.0844056	1.54746	2.02668	0.546119
chr1:207581129-207581629	0.445205	0.29738	0.0148942	4.18782	4.26241	0.414819
chr5:149780170-149780670	1.13325	0.0396265	0.880881	0.749857	2.16592	1.6499
chr3:3069867-3070367	0.364259	0.0559207	0.640465	2.14962	3.88727	0.490862
chr1:85461095-85461595	0.728517	0.00920235	0.299184	5.58565	6.44023	0.0473976
chr9:19374674-19375174	0.364259	0.0835291	0.0111431	1.81333	3.80243	0.134723
chr2:196941531-196942031	0.323786	0.548516	1.18238	2.96749	1.99144	0.442502
chr19:39157691-39158191	0.323786	0.454988	1.01463	3.11619	2.37585	0.0517298
chr22:39673163-39673663	0.364259	0.432459	0.734697	1.27305	3.74018	0.0589952
chr8:11059229-11059729	1.29514	0.0974633	1.11156	2.16833	5.40446	0.0959713
chr1:53124993-53125493	0.364259	0.0094896	0.184436	3.06	3.49474	0.0993164
chr19:18475771-18476271	0.323786	1.16343	1.33058	1.02305	2.33354	0.591715
chr4:123622159-123622659	0.323786	0.0855669	0.533656	4.94766	3.30228	0.0247236
chrX:2439955-2440455	0.404732	0.528387	0.942383	2.4392	2.9119	0.0623749
chr2:33841928-33842428	0.688044	0.0110449	0.121635	3.70435	2.6809	0.0913897
chr4:75072074-75072574	0.445205	0.0115484	0.229146	4.36026	5.01563	0.0622072
chr5:126097625-126098125	0.404732	0.849527	1.13305	3.95309	3.08043	0.389215
chr8:96126592-96127092	0.485678	0.000306205	0.308623	3.321	3.35435	0.0690918
chr11:59269412-59269912	0.445205	0.00232965	0.874718	2.33013	4.16568	0.529863
chr6:89808179-89808679	0.404732	0.00364845	0.0127865	1.98258	2.43255	0.0587818
chr7:89871983-89872483	0.566625	0.00411825	0.761075	0.615043	5.93061	0.0880059
chr8:101512152-101512652	1.6594	0.0134768	0.0967308	3.14107	2.66032	1.56631
chr16:74611871-74612371	0.323786	0.000631157	0.258483	5.42406	3.03855	0.0332244
chr9:135279807-135280307	0.404732	0.271278	0.822865	0.896822	5.3148	0.0589717
chr2:12002145-12002645	0.323786	0.00179862	0.172338	3.17778	4.60839	0.920175
chr17:15884547-15885047	0.323786	0.00665011	0.0330163	2.06618	6.86093	0.473989
chr3:27421891-27422391	0.323786	0.00670028	0.53041	3.79933	1.79451	0.0227367
chr12:54635030-54635530	0.445205	0.00107919	0.155364	2.39831	3.56149	0.563997
chr6:6699816-6700316	0.323786	0.0296639	0.914904	1.64565	1.79947	0.0861394
chr4:84205775-84206275	0.445205	0.366561	0.855391	1.24588	1.3321	0.644256
chr17:70000924-70001424	0.485678	0.0265272	0.966236	0.731301	5.37426	0.609713
chr4:918167-918667	0.445205	0.000608417	0.0544883	3.65153	0.622271	0.100814
chr3:159928635-159929135	0.404732	0.686088	1.01198	2.16261	2.9099	0.0692654
chr3:136471713-136472213	0.445205	0.816225	0.632686	1.587	3.39963	0.0851328
chr8:119270968-119271468	0.404732	0.000645974	0.0335582	3.05791	4.35065	0.569467
chr10:104212650-104213150	0.445205	0.472329	0.998068	4.14186	4.3182	1.02526
chr5:957148-957648	0.404732	0.0405785	0.642557	1.17971	3.34143	2.41313
chr19:49077883-49078383	0.526151	1.1414	2.92376	2.14	4.03835	0.111575
chr22:37941122-37941622	0.526151	0.189429	1.05983	0.100032	3.21143	2.16587
chr3:185300625-185301125	0.485678	0.0195519	0.166838	3.68172	5.24732	0.123134
chr8:124322501-124323001	0.485678	0.0386404	1.00633	4.16569	4.65789	0.0639642
chr9:33836233-33836733	0.364259	0.404314	0.563026	3.45022	0.454296	0.579162
chr2:192791423-192791923	0.323786	0.000663096	0.0285122	2.62758	5.0438	0.0646103
chr10:91097263-91097763	0.364259	0.133667	0.617379	2.60241	3.7127	0.0647007
chr8:67400605-67401105	0.364259	0.0025047	0.313343	3.70768	5.2054	0.0574239
chr16:75721175-75721675	0.323786	0.0026229	0.372042	3.76057	4.53475	0.517443
chr12:108905674-108906174	0.364259	0.118158	1.15271	1.17617	2.96163	0.0685119
chr4:110980876-110981376	0.607098	0.0153184	0.393194	2.57448	4.25036	0.0520833
chr3:142659287-142659787	0.364259	0.0843943	1.00015	2.67021	4.32502	0.553841
chrX:69690862-69691362	0.566625	0.504216	1.10936	2.08109	2.46429	0.123693
chr2:208672230-208672730	0.607098	0.0733386	0.806535	2.47962	4.88416	0.982131
chr19:44205456-44205956	0.404732	0.660123	0.57024	2.66324	3.05859	0.11242
chr2:231442904-231443404	0.445205	0.00993298	0.56841	1.80124	8.95132	0.456065
chr7:121072517-121073017	0.323786	0.000999807	0.00952196	2.44643	8.42216	0.0351254
chr2:61199582-61200082	0.404732	0.0028047	0.112989	1.92032	3.23984	1.55158
chr20:17946207-17946707	0.364259	0.0015882	0.0210511	1.6295	1.79121	0.46685
chr2:127758557-127759057	0.364259	0.279665	2.10058	3.5192	2.37455	1.07119
chr3:46311078-46311578	0.445205	0.00520847	0.0297719	1.83721	2.47636	0.069807
chr11:32635412-32635912	0.364259	0.000446421	0.0840266	4.02081	2.60777	0.41773
chr4:2243552-2244052	0.202366	0.0274802	0.0105383	1.45541	1.81649	0.907374
chr17:35849181-35849681	0.161893	0.00112832	0.00330688	0.90719	1.24395	0.518463
chr18:77863170-77863670	0.242839	0.000173409	0.0381395	1.28315	4.53007	1.98907
chr16:3072203-3072703	0.161893	0.00185103	0.0039562	3.55009	3.13333	1.2289
chr3:23634964-23635464	0.202366	0.0123093	0.152124	1.0925	2.59184	0.0355505
chr14:77186716-77187216	0.242839	0.0571876	0.132702	1.5228	7.2287	0.988562
chr3:133210448-133210948	0.202366	0.00413712	0.373553	1.61002	0.658965	2.38532
chr19:50093549-50094049	0.202366	0.000619987	0.0673969	1.13181	2.17818	0.604895
chr12:121382372-121382872	0.202366	0.00116184	0.0896104	1.82125	5.85436	0.469668
chr19:36319517-36320017	0.161893	0.0149247	0.150619	1.81603	2.56998	0.148257
chr12:57623475-57623975	0.202366	0.932714	0.387932	0.328473	1.29801	1.24814
chr6:43218703-43219203	0.202366	0.0387372	0.0701668	0.660978	6.38757	0.466316
chr3:191846634-191847134	0.242839	0.0120999	0.818956	3.55801	3.0032	0.942036
chr20:56868440-56868940	0.161893	0.00175962	0.0633574	2.45023	3.15181	0.555539
chr12:51818305-51818805	0.161893	5.62894e-05	0.100437	0.322209	1.61132	0.0945778
chr7:73506672-73507172	0.202366	0.00254233	0.0250483	0.276619	1.97976	1.00512
chr12:56583127-56583627	0.202366	0.125442	0.0186582	1.14559	1.43404	0.608832
chr14:77330008-77330508	0.202366	0.00771757	0.0122738	2.14244	2.47634	1.43757
chr2:73510608-73511108	0.202366	0.00027541	0.00763343	0.672054	2.59787	1.04796
chr13:77600865-77601365	0.242839	0.0141886	0.00574966	0.394519	1.29846	0.665133
chr20:39631605-39632105	0.161893	0.0452457	0.022178	1.95311	3.10456	2.15696
chr7:139478106-139478606	0.161893	0.000497446	0.0345275	0.622728	2.08574	0.846208
chr15:40845720-40846220	0.242839	0.00211483	0.136418	2.73051	3.67373	0.846434
chr19:48614474-48614974	0.202366	0.0548074	0.99195	1.12572	1.48268	0.633392
chr2:181816760-181817260	0.242839	0.00343594	0.496873	4.06689	7.12309	0.950485
chr2:187560030-187560530	0.202366	0.0144312	1.22088	1.82542	3.30867	0.058734
chr8:103140632-103141132	0.242839	0.0029864	0.109189	1.36439	4.8316	0.127037
chr15:59662185-59662685	0.202366	0.0187843	0.111031	1.94326	4.69289	0.107469
chr12:58007942-58008442	0.161893	0.00208875	0.157667	0.354052	1.73442	0.834455
chr17:17259311-17259811	0.202366	0.69787	0.996932	1.54229	2.39183	1.8994
chrX:46652113-46652613	0.202366	0.0025874	0.140387	4.12896	4.28198	0.0395814
chr2:70994988-70995488	0.161893	0.00229681	0.0263634	0.0674483	1.47259	1.42733
chr1:169454322-169454822	0.161893	0.0302339	0.222223	1.80477	4.65037	0.446463
chr11:57251653-57252153	0.202366	0.00270283	0.0554943	1.13196	3.27107	0.131452
chr19:2680783-2681283	0.242839	0.00648971	0.0828823	1.32293	4.44943	0.507702
chr19:1667583-1668083	0.161893	0.140245	0.0555389	2.21528	4.27729	1.385
chr1:161675355-161675855	0.202366	0.137878	0.0969229	2.04782	5.20194	1.3647
chr19:41882739-41883239	0.161893	0.108435	0.0522352	1.49075	1.87575	1.0402
chr17:39942923-39943423	0.161893	0.00749404	0.0188172	2.66188	1.44618	0.466783
chr6:130688822-130689322	0.161893	0.00364949	0.387987	1.78154	2.35335	0.0688587
chr1:205626622-205627122	0.161893	0.0237035	0.351678	1.79823	3.73047	0.482717
chr3:14728854-14729354	0.202366	0.0116317	0.0781665	0.439513	3.7371	1.5725
chr19:50409707-50410207	0.161893	0.00406701	0.0467778	2.97197	2.6894	0.0606431
chr5:176874173-176874673	0.242839	0.00311181	0.00262237	0.011019	1.19608	2.78815
chr11:2958831-2959331	0.161893	0.000317463	0.0100421	5.81829	1.86828	0.0464972
chr5:126921320-126921820	0.242839	0.152573	0.749235	2.12183	4.56288	0.555774
chr17:7227377-7227877	0.161893	0.332094	0.0276642	1.29846	1.83166	1.87498
chr8:67024992-67025492	0.161893	0.0351868	0.0718248	0.294005	1.03238	0.467044
chr6:161556639-161557139	0.161893	0.00962298	0.0643385	1.29133	3.18015	0.584734
chr4:57746060-57746560	0.161893	0.208426	0.591437	3.99819	4.62462	0.445055
chr11:35184276-35184776	0.202366	0.211226	0.188128	2.20622	2.98314	0.0704697
chr11:120107265-120107765	0.242839	0.00137495	0.0291066	1.4824	6.93158	1.34053
chr2:227675694-227676194	0.202366	0.010917	0.0203523	1.14844	5.31747	0.474884
chr1:26147199-26147699	0.242839	0.0129655	0.0255169	1.20732	1.96577	0.144627
chr11:35620035-35620535	0.161893	0.00086715	0.059659	3.68645	2.03804	0.470918
chr10:21815287-21815787	0.161893	0.0259722	0.0200588	0.484168	5.02621	0.4712
chr11:102962074-102962574	0.161893	0.0644807	0.035729	0.805134	2.61367	0.849452
chr9:75762488-75762988	0.242839	0.19246	0.185276	2.40769	3.83187	0.572739
chr22:39477081-39477581	0.161893	0.00208541	0.0223529	1.26413	4.04882	1.49203
chr2:55377981-55378481	0.202366	0.0476122	0.135057	2.42709	5.88258	0.127931
chr2:95715974-95716474	0.242839	0.241375	0.0449417	1.24392	3.58631	1.375
chr19:1361944-1362444	0.161893	0.000387957	0.0365499	1.25797	2.33315	0.573932
chr17:31208029-31208529	0.161893	0.00115957	0.0170513	2.48775	2.81959	0.119792
chr1:15945172-15945672	0.202366	0.0101006	0.430262	1.81823	2.25276	0.0628903
chr19:11959268-11959768	0.202366	0.00649177	0.0427055	0.896835	2.30354	0.114215
chr10:70310467-70310967	0.161893	0.116389	0.343427	2.79604	4.92748	0.548523
chr1:28907500-28908000	0.202366	0.00175597	0.141173	2.46213	1.91776	0.614679
chr3:58218112-58218612	0.161893	0.0118711	0.248406	2.04743	12.5742	0.0453991
chr10:75351602-75352102	0.242839	0.637462	0.882955	3.77051	1.76595	0.470042
chr11:76802112-76802612	0.161893	0.0297661	0.0912097	0.398204	3.17576	0.650184
chr8:27183858-27184358	0.202366	0.038573	0.0856014	1.30031	3.679	1.72638
chr16:57382088-57382588	0.161893	0.0674242	0.759207	1.87276	3.94408	0.0846709
chr11:58555832-58556332	0.242839	0.0176315	0.210892	0.528426	1.96502	1.1399
chr22:37296802-37297302	0.202366	0.00831311	0.0842424	1.28401	2.56431	1.86831
chr11:108534228-108534728	0.161893	0.0142164	0.262915	2.35056	4.1798	0.569214
chr22:39540416-39540916	0.161893	0.22027	0.144656	1.42554	3.20139	0.992358
chr2:228238853-228239353	0.161893	0.00871152	0.120153	5.10891	3.30814	0.0524573
chr22:35485042-35485542	0.202366	0.119496	0.661625	4.10106	5.22624	0.520937
chr17:55969770-55970270	0.242839	0.0616617	0.123983	1.98551	2.64944	1.05522
chr15:96816850-96817350	0.161893	0.0118694	0.841621	4.00913	2.32984	1.02053
chr19:54959174-54959674	0.202366	0.256268	0.289868	1.2962	2.5746	0.977001
chr6:28890621-28891121	0.242839	0.00104401	0.0172511	1.16031	3.60793	0.600228
chr2:231153959-231154459	0.242839	0.0305524	0.41187	2.2453	2.28486	0.0737377
chr12:57657487-57657987	0.202366	0.0963114	0.85748	1.77951	2.27364	1.04607
chr2:73143425-73143925	0.161893	0.000120365	0.037968	0.058241	1.80983	1.03135
chr1:42824397-42824897	0.202366	0.00338955	0.226111	4.54636	1.37455	0.0663068
chr9:140470511-140471011	0.202366	0.0109866	0.250424	0.901054	1.39228	0.639255
chr3:52254377-52254877	0.202366	0.00302301	0.00308575	0.114559	4.9707	1.0643
chr8:140906790-140907290	0.161893	0.00376024	0.750999	3.11484	6.24074	0.570097
chr14:35891499-35891999	0.202366	0.0761611	0.240743	2.13583	2.7597	0.82551
chr14:103352168-103352668	0.161893	0.0371217	0.070362	1.46764	2.28824	1.49913
chr20:45317391-45317891	0.161893	0.00445031	0.0233292	2.43436	4.11995	0.487854
chr18:74240858-74241358	0.242839	0.0348023	0.0963727	1.84793	6.30774	1.54794
chr5:128781056-128781556	0.202366	0.000571995	0.350141	4.83565	3.4237	0.0251186
chr9:127615366-127615866	0.202366	0.00127558	0.00441446	0.179707	2.70608	0.492683
chr2:96952969-96953469	0.242839	0.0113337	0.0932934	3.4876	3.51405	1.49801
chr16:30640007-30640507	0.242839	0.0153209	0.121769	2.06682	4.03283	0.108658
chr6:7243584-7244084	0.202366	0.00043416	0.0348474	1.53834	3.47441	0.0629282
chr1:198767885-198768385	0.242839	0.00131606	0.0908518	3.49126	3.33937	0.0364857
chr8:23314587-23315087	0.202366	0.210034	0.817611	0.0920225	1.19927	1.34841
chr1:147400354-147400854	0.202366	0.00605263	0.00749118	0.83238	1.63114	2.74202
chr7:90892988-90893488	0.161893	0.00765788	0.072051	2.42214	4.74309	0.428345
chr3:169755685-169756185	0.161893	0.0221098	0.00239794	0.137273	1.99873	0.967815
chr1:6054724-6055224	0.161893	0.00192309	0.0128363	1.97623	4.1967	0.144989
chr19:54618318-54618818	0.161893	0.0082256	0.116801	0.261891	4.03406	0.494095
chr4:185746142-185746642	0.202366	0.00819554	0.351467	1.87359	2.38566	1.33026
chr2:219609236-219609736	0.161893	0.230567	0.595793	2.29372	4.77531	0.0384037
chr19:40030352-40030852	0.202366	0.0140495	0.0740166	0.0147548	1.2697	0.912916
chr8:9640322-9640822	0.242839	0.0352386	0.082819	3.05471	1.87002	0.0803672
chr3:150090527-150091027	0.202366	0.0423342	0.136958	1.77056	2.58186	0.0798109
chr3:127370933-127371433	0.242839	0.00176967	0.255103	0.802718	2.67672	0.901156
chr11:17229779-17230279	0.202366	0.00163971	0.0722768	2.4479	3.31815	0.45907
chr7:33102258-33102758	0.242839	0.00476877	0.0808263	0.104974	0.559183	0.885302
chr1:87380989-87381489	0.202366	0.000884249	0.0399927	0.402485	3.54151	0.0780042
chr9:133811227-133811727	0.161893	0.135668	0.0317472	1.84353	4.77544	1.02561
chr18:11149254-11149754	0.202366	9.92994e-05	0.00193451	0.0614244	3.41106	0.492003
chr19:3689517-3690017	0.161893	0.0463203	0.82051	0.724242	1.60351	0.104448
chr11:60681491-60681991	0.202366	0.00195538	0.0140009	0.208492	2.34832	0.104147
chr11:68227963-68228463	0.161893	0.0819119	0.101762	0.283849	1.92017	0.451141
chr15:89750005-89750505	0.242839	0.00505942	0.153872	1.42751	1.67348	0.877456
chr3:128445468-128445968	0.202366	0.0037355	0.730041	1.52356	1.56965	0.448383
chr10:72254608-72255108	0.202366	0.00361832	0.0514373	1.26998	5.50535	0.0756527
chr1:87239884-87240384	0.202366	0.00415208	0.523968	3.9099	5.79384	0.0805595
chr15:45272081-45272581	0.161893	0.000534152	0.674945	3.1687	2.11672	0.541036
chr20:34066974-34067474	0.202366	0.228485	0.096748	1.78531	3.06651	0.493477
chr1:156659224-156659724	0.202366	0.00326856	0.0176556	1.78458	2.58621	0.478766
chr3:128735729-128736229	0.202366	0.656699	0.248298	2.26515	1.48099	0.605614
chr22:50223502-50224002	0.242839	0.00158315	0.305757	2.14302	3.22867	0.0718568
chr14:74180324-74180824	0.242839	0.0417522	0.0679337	0.39245	0.809293	1.10926
chr12:7058493-7058993	0.161893	0.0109836	0.0473127	2.14182	3.443	0.945259
chr19:42927195-42927695	0.202366	0.230139	0.197285	0.578674	0.441984	1.01251
chr20:46453252-46453752	0.242839	0.078226	0.106259	2.09728	4.74891	0.0584666
chr2:43358443-43358943	0.202366	0.00792139	0.0498002	0.328197	1.28236	1.64404
chr12:27089419-27089919	0.161893	0.0836905	0.991026	3.36697	1.34445	0.0542112
chrX:96116139-96116639	0.202366	0.0114303	0.519221	1.86576	5.43409	0.0513921
chr2:97703160-97703660	0.161893	0.0119527	0.0516261	4.17554	3.51379	0.980699
chr11:75526724-75527224	0.202366	0.00112743	0.0236711	1.33511	2.38824	0.978509
chr15:72490177-72490677	0.242839	0.000530644	0.00537937	0.122659	3.00709	1.22883
chr3:137753721-137754221	0.242839	0.0400431	0.705279	6.94516	2.48346	0.433826
chr4:47566268-47566768	0.202366	0.000592888	0.0528767	4.5829	5.55514	0.0299371
chr1:28210254-28210754	0.242839	0.00105585	0.397278	1.78304	4.3156	0.651951
chr19:6372784-6373284	0.242839	0.00102284	0.00691996	0.00887254	1.48416	1.65384
chr3:13133602-13134102	0.202366	0.00670933	0.217013	0.932601	1.84723	0.883826
chr17:74732390-74732890	0.242839	0.0029371	0.0137543	0.0103533	0.640253	0.492623
chr2:55226234-55226734	0.202366	0.00135415	0.0507416	2.95384	3.06043	0.0469458
chr19:10663140-10663640	0.161893	0.0108088	0.0633276	0.260652	3.99298	2.12843
chr6:166732288-166732788	0.202366	0.0129318	0.0240019	0.612119	2.69934	1.40499
chr22:30233863-30234363	0.202366	0.00933655	0.0121418	0.573487	2.41413	0.898934
chr22:50945751-50946251	0.161893	0.0013848	0.035074	0.0639974	3.23161	1.72079
chr17:34957804-34958304	0.242839	0.0165733	0.00301766	0.362462	0.444372	0.973921
chr3:107755749-107756249	0.202366	0.0733587	0.0645195	2.31808	3.83503	0.563971
chr19:15740070-15740570	0.161893	0.71167	0.046478	0.672418	2.2626	0.669073
chr19:52075574-52076074	0.161893	0.0176103	0.379871	2.12173	5.51107	0.0975998
chr9:135934318-135934818	0.202366	0.901688	0.768549	0.590391	3.19019	0.964275
chr2:48070597-48071097	0.161893	0.0774289	0.904656	2.93834	4.30424	0.0536056
chr12:49158280-49158780	0.161893	0.00386279	0.47883	3.31937	3.76309	0.103447
chr8:95254306-95254806	0.202366	0.0128041	0.0710386	4.11458	2.87447	0.105197
chr16:3767072-3767572	0.202366	0.00137726	0.00471063	0	0.809762	0.654609
chr16:69166293-69166793	0.202366	0.000617238	0.012731	0.0167494	1.5362	0.506153
chr13:111607502-111608002	0.202366	0.0272452	0.0379126	1.71181	2.62298	2.2392
chr5:176037417-176037917	0.161893	0.004683	0.0234977	1.08233	3.53875	0.512033
chr7:99956112-99956612	0.202366	0.0177258	0.117622	0.949442	4.81953	2.01384
chr19:17003603-17004103	0.161893	0.0052142	0.127785	1.59406	0.842773	2.79599
chrX:108728931-108729431	0.242839	0.00840512	0.545177	4.57626	2.56005	0.0517444
chr17:21002165-21002665	0.202366	0.000802714	0.0287715	1.11858	4.65765	0.4271
chr1:9703821-9704321	0.161893	0.0121649	0.039201	0.424261	2.92688	0.604893
chr6:30104308-30104808	0.161893	0.00745309	0.0339335	2.71709	1.61376	0.462069
chr9:91997916-91998416	0.161893	0.0155974	0.015903	1.27683	2.04491	1.91355
chr14:50779008-50779508	0.161893	0.000765462	0.0178822	0.587237	1.97775	0.517878
chr11:33700111-33700611	0.161893	0.000982136	0.217569	3.92663	4.81532	0.524695
chr1:161197170-161197670	0.202366	0.0261547	0.212988	1.9589	5.9964	1.63981
chr11:6627282-6627782	0.202366	0.193726	0.175841	2.18535	4.89512	0.556344
chr14:93217272-93217772	0.242839	0.116014	0.0261959	1.97782	2.57641	1.08804
chr19:49600995-49601495	0.242839	0.175547	0.0804943	1.61008	3.58223	1.01166
chr19:40189133-40189633	0.242839	0.0274248	0.0328324	2.19014	6.99071	0.0662789
chr19:6811873-6812373	0.161893	0.00107451	0.389438	2.87647	5.58042	0.0686308
chr17:36442460-36442960	0.161893	0.00582621	0.0186226	2.08841	4.25454	0.471507
chr19:56014951-56015451	0.202366	0.326758	0.677272	0.171308	6.05051	0.5231
chr10:74019192-74019692	0.202366	0.000396246	0.0319023	2.37003	4.63061	0.546062
chr3:183878284-183878784	0.202366	0.00513109	0.0498836	3.71288	3.81548	2.79291
chr7:2351863-2352363	0.161893	0.0135108	1.30139	1.32069	1.99141	0.0944778
chr14:35831981-35832481	0.161893	0.0681559	0.759845	1.57633	1.18359	0.0761042
chr17:38514664-38515164	0.242839	0.00393513	0.47727	1.58219	9.81123	0.542021
chr4:186317657-186318157	0.242839	0.00960316	0.0117548	0.133013	1.33941	1.00843
chr17:68205339-68205839	0.161893	0.000922574	0.0522516	1.47399	1.64022	0.93978
chr17:36151240-36151740	0.161893	0.00932967	0.0964619	1.76877	2.17816	0.0370607
chr13:111277269-111277769	0.161893	0.148636	0.0109034	0.838671	2.78222	0.128833
chr3:179017945-179018445	0.161893	0.00393495	0.570562	3.02993	2.24899	1.04617
chr8:11274793-11275293	0.242839	0.00338658	0.437865	2.17726	3.59193	1.58182
chr1:111184062-111184562	0.202366	0.00115055	0.0336046	3.36932	4.13671	0.0402728
chr19:58694335-58694835	0.242839	0.870336	0.0910388	0.31278	2.6799	0.135751
chr2:99265823-99266323	0.161893	0.0612501	0.0609155	1.63452	4.12616	1.98134
chr14:61796145-61796645	0.242839	0.00134114	0.14116	2.55911	3.32073	0.0857035
chr1:76402607-76403107	0.242839	0.000357696	0.0670076	4.77827	1.52848	0.0768986
chr7:155301613-155302113	0.161893	0.242721	0.599196	2.60616	2.88962	0.0658131
chr21:37314600-37315100	0.202366	0.272392	2.14276	2.29004	1.30999	0.0239151
chr17:15587374-15587874	0.161893	0.0283739	0.0700067	1.3123	4.1731	0.50842
chr1:26606212-26606712	0.242839	0.000903454	0.00310599	0.119141	2.21352	1.22512
chr14:96130719-96131219	0.202366	0.00969124	0.410317	0.249755	1.88472	0.983589
chr12:95783947-95784447	0.161893	0.0148958	0.346063	1.80942	4.97111	0.0862058
chr10:134148696-134149196	0.161893	0.0115983	0.0107955	1.46592	2.84162	1.6929
chr6:155136341-155136841	0.242839	0.00216994	0.12278	2.28855	1.81779	0.54077
chr1:113579269-113579769	0.202366	0.00241709	0.0916067	1.9907	2.79816	0.861991
chr16:57910088-57910588	0.202366	0.00557958	0.0569911	3.05116	5.38236	0.0904118
chr18:32966413-32966913	0.161893	0.00251559	0.0289497	2.51921	2.68265	0.0549576
chr3:194277009-194277509	0.202366	0.00370713	0.17622	0.951656	3.79399	0.127573
chr6:43681965-43682465	0.202366	0.030556	0.901554	1.03523	3.40127	0.956031
chr1:78313415-78313915	0.202366	0.627594	1.05158	1.68536	5.95094	0.575358
chr19:10571921-10572421	0.161893	0.00258822	0.00501177	0.50318	1.49711	2.0127
chr10:98752498-98752998	0.202366	0.00284656	0.655942	1.82189	5.15155	0.0898788
chr2:96785842-96786342	0.242839	0.10195	0.0635101	0.723016	3.38429	0.477442
chr5:133268334-133268834	0.161893	0.00270101	0.612803	1.72601	3.72746	2.34531
chr16:11318502-11319002	0.242839	0.0496345	0.484832	2.76352	4.27315	0.542757
chr1:31180909-31181409	0.202366	0.0459284	0.126078	0.884135	0.920908	1.4862
chr4:185562165-185562665	0.161893	0.0368444	0.0878762	1.35485	2.96164	0.541684
chr5:133830317-133830817	0.161893	0.0218877	0.247737	1.14071	4.64187	0.829163
chr1:45194858-45195358	0.242839	0.315358	0.893158	2.52141	3.12262	0.0619349
chr14:21148055-21148555	0.202366	0.00976775	0.027694	1.97045	2.58432	0.537984
chr14:57832513-57833013	0.242839	0.0755674	0.111306	0.819491	1.54588	0.10458
chr5:76171034-76171534	0.161893	0.191859	0.237321	1.94216	3.37685	0.459443
chr5:179223043-179223543	0.242839	0.00738816	0.00230462	0.0948626	1.37639	0.909987
chr2:74214528-74215028	0.161893	0.00296038	0.017358	0.0357917	4.60467	0.638382
chr20:48227602-48228102	0.202366	0.00729434	0.15518	0.730149	0.745511	0.514811
chr11:18719860-18720360	0.202366	0.628071	0.957849	1.00166	1.12334	0.482928
chr8:73883543-73884043	0.161893	0.0049834	0.0438868	2.79618	4.53878	1.37609
chr13:114151572-114152072	0.161893	0.134872	0.295685	2.95476	0.936983	0.227257
chr19:50381178-50381678	0.242839	0.0130816	0.293136	0.030575	2.12019	1.39421
chr2:158109096-158109596	0.161893	0.01282	1.36747	5.56116	2.74627	0.446498
chr11:85375094-85375594	0.242839	0.0620694	0.0078137	0.159714	1.67325	1.34039
chr16:46782614-46783114	0.161893	0.0635008	0.109289	1.87557	1.88713	1.13764
chr12:110939217-110939717	0.242839	0.000174478	0.0177492	0.0124713	2.74627	0.085133
chr21:38736947-38737447	0.202366	0.00620977	0.042661	3.72163	3.60459	0.0623964
chr11:62360907-62361407	0.161893	0.000370177	0.0319468	1.29389	4.68037	1.0647
chr16:1727998-1728498	0.202366	0.00272768	0.00962469	0.00468566	1.11761	0.158484
chr2:3522764-3523264	0.202366	0.00204114	0.000624093	0.00415801	0.0296996	1.77615
chr12:64798274-64798774	0.202366	0.00129481	0.0066496	0.147401	1.98052	0.513323
chr9:34451378-34451878	0.202366	0.011704	0.710165	2.76456	3.89672	2.25186
chr8:144636504-144637004	0.161893	5.53929e-05	0.0204399	0.116184	0.433865	0.0438544
chr8:24425632-24426132	0.202366	0.00342565	0.0231828	2.91759	7.48709	0.569612
chr2:112918138-112918638	0.242839	0.0109461	0.0118321	0.379651	2.09831	0.442073
chr1:209939380-209939880	0.202366	0.242716	1.40445	1.77064	5.76664	0.566635
chr6:30971889-30972389	0.242839	0.205337	0.767269	3.56893	1.80656	0.841628
chr1:45518466-45518966	0.202366	0.000802126	0.044715	2.30709	6.24562	1.07145
chr11:102393264-102393764	0.202366	0.033121	0.0269895	3.73817	3.89351	0.431755
chr19:58094952-58095452	0.161893	0.0916537	0.0368719	0.349731	0.629389	1.89709
chr7:113692028-113692528	0.202366	0.00325099	0.667027	2.35559	3.33986	0.0585087
chr9:20621083-20621583	0.242839	0.020305	0.0338222	0.29071	2.59449	0.860802
chr13:33683506-33684006	0.202366	0.0402917	0.0407238	2.12919	4.50082	0.153975
chr4:37892676-37893176	0.161893	0.027722	0.0500973	0.0151543	2.3143	0.90641
chr13:76054901-76055401	0.242839	0.656898	0.0173045	0.79317	1.18175	0.456651
chr16:55867890-55868390	0.202366	0.00338107	0.434883	4.23058	3.16567	0.932749
chr16:68263274-68263774	0.242839	0.000699257	0.0107003	1.9544	4.40027	0.101993
chr21:43283259-43283759	0.202366	0.00511969	0.623172	2.57397	2.62007	0.936546
chr16:22210936-22211436	0.161893	0.00616904	0.0269176	1.62104	2.76271	1.58952
chr19:35490838-35491338	0.161893	0.149017	0.00101363	1.09492	4.93083	0.506854
chr1:206964113-206964613	0.242839	0.00814418	0.273001	1.50595	4.16107	0.0867403
chr5:150880183-150880683	0.202366	0.0024254	0.0557726	1.14209	2.184	0.951585
chr10:976447-976947	0.202366	0.00401054	0.0348685	0.77164	3.76272	0.466735
chr11:67807965-67808465	0.161893	0.00826825	0.0776926	0.0629707	2.12082	2.44962
chr20:55972051-55972551	0.161893	0.0394236	0.0899714	3.55689	2.24033	1.00418
chr1:180182439-180182939	0.202366	0.107117	0.0177546	2.63851	2.0823	0.431053
chr7:150019392-150019892	0.202366	0.0216212	0.876463	1.37766	3.61179	0.0576577
chr11:118401571-118402071	0.202366	0.0363398	0.00541975	0.00476581	0.95962	0.510876
chr1:15858081-15858581	0.161893	0.00488863	0.067659	6.45763	5.1696	0.048396
chr9:4689489-4689989	0.242839	0.00257168	0.0866647	3.51925	4.98047	0.0517963
chrX:40398220-40398720	0.161893	0.00383942	0.351308	1.03083	4.40106	2.88291
chr6:73890258-73890758	0.161893	0.00561912	0.0677159	0.813533	2.44912	0.104729
chr17:2240518-2241018	0.161893	0.00304935	0.00800594	0.824582	1.75022	0.631844
chr4:56483938-56484438	0.202366	0.00111052	0.0749809	4.33879	4.21898	0.546516
chr1:90452680-90453180	0.161893	0.277834	0.296933	3.3075	4.49971	0.0619087
chr6:14085501-14086001	0.202366	0.0186738	0.0116543	1.69158	4.40959	1.00457
chr2:73496366-73496866	0.161893	0.0061463	0.00323842	0	0.767456	0.124112
chr19:52598763-52599263	0.161893	0.00372943	0.00128703	1.09065	2.78323	1.22248
chr18:51796516-51797016	0.202366	0.000274364	0.0174638	2.48227	4.91843	0.468471
chr22:37249378-37249878	0.202366	0.000877761	0.0246492	1.92836	7.73923	0.632575
chr8:135730890-135731390	0.161893	0.00702711	0.0720763	1.77258	5.1852	0.0975981
chr19:55988134-55988634	0.202366	0.00510569	0.460924	0.969111	3.70652	0.476779
chr12:51419741-51420241	0.161893	0.0150864	0.0159437	0.217769	0.742857	0.13642
chr3:10291012-10291512	0.161893	0.00271398	0.136041	0.0655607	2.76194	0.51729
chr1:154976366-154976866	0.202366	0.000593906	0.00805548	1.46109	2.54306	1.3657
chr2:128617232-128617732	0.161893	0.00407005	0.0635232	1.60409	3.24883	1.95934
chr16:68298101-68298601	0.242839	0.0232238	0.00313075	0.0462578	0.221645	2.00302
chr19:39355136-39355636	0.242839	0.0204836	0.421076	2.82583	5.32909	0.577615
chr1:209780636-209781136	0.161893	0.00497921	0.0148121	3.00572	5.21499	1.88018
chr7:30183398-30183898	0.202366	0.0605233	0.112772	5.89106	1.9413	0.0792949
chr12:52482216-52482716	0.202366	0.71235	0.158721	0.339973	3.38881	2.50442
chr6:166795212-166795712	0.242839	0.00388315	0.0854141	0.173394	3.73657	0.129681
chr15:75135004-75135504	0.161893	0.0025681	0.00737217	0.230784	0.844815	0.868169
chr4:15458893-15459393	0.161893	0.00484657	0.0403088	2.92733	4.61757	0.0680168
chr19:51037567-51038067	0.161893	0.364499	0.818691	3.57415	2.46508	0.506849
chr9:74285038-74285538	0.161893	0.0135517	0.0316612	1.23235	6.41823	0.08408
chr13:30046440-30046940	0.161893	0.00231147	0.197983	1.44654	3.90291	0.0794397
chr12:125406566-125407066	0.242839	0.00170118	1.55938	2.95961	4.28891	0.063939
chr11:67889286-67889786	0.202366	0.339973	0.0560634	0.902044	1.49998	1.0936
chrX:70417876-70418376	0.242839	0.0157838	0.100094	2.20639	5.27162	0.0551382
chr8:6559856-6560356	0.202366	0.339243	0.572138	1.22007	2.74845	0.110569
chr9:33813649-33814149	0.161893	0.00609586	0.0216738	3.90909	5.91741	0.037718
chr13:48640627-48641127	0.161893	0.0314796	0.0531784	1.13635	1.70608	0.492728
chr8:117886253-117886753	0.242839	0.0382383	0.00272907	0.628117	0.827729	0.866926
chr6:36973178-36973678	0.242839	0.00549844	0.017736	0.0954345	3.95576	1.06176
chr2:136550004-136550504	0.202366	0.000835649	0.0542386	0.966779	3.05526	2.00792
chr19:2785163-2785663	0.202366	0.00815841	0.00144129	0.183728	0.920208	1.38073
chr6:64395353-64395853	0.242839	0.0141201	0.119604	2.6325	3.36163	0.459266
chr14:24550477-24550977	0.161893	0.000521486	0.00100887	0.00470236	1.12768	0.914286
chr3:46543272-46543772	0.161893	0.00257406	0.0507485	4.08178	1.38765	0.119377
chr19:47745213-47745713	0.202366	0.00520173	0.0958667	3.99287	0.158852	1.15916
chrX:12999944-13000444	0.161893	0.0492176	0.44181	2.39397	2.22656	1.47525
chr8:55014483-55014983	0.161893	0.00251289	0.00916424	0.116961	1.45951	0.868188
chr11:4208716-4209216	0.161893	0.0211581	0.0641214	0.259337	1.08576	0.50523
chr8:42177032-42177532	0.161893	0.00754041	0.00476749	2.45649	4.5782	1.53282
chr12:121148000-121148500	0.161893	0.00204757	0.0356954	0.741386	1.39242	1.13367
chr4:113194338-113194838	0.242839	0.012922	1.45094	2.28645	1.2369	0.604178
chrX:70474395-70474895	0.161893	0.000856731	0.00301909	2.18891	1.66902	0.51193
chr20:328873-329373	0.202366	0.000753087	0.0391795	2.28308	5.70062	0.0717913
chr9:115513713-115514213	0.242839	0.00445987	0.0102833	1.85032	3.36275	0.870089
chr20:5639465-5639965	0.202366	0.00347582	0.0348013	1.519	2.40468	0.429877
chr11:43389089-43389589	0.202366	0.0192132	0.0243755	3.29855	5.49562	0.0527738
chr8:62381211-62381711	0.161893	0.0136331	0.381299	2.19239	3.40101	0.1417
chr19:45160328-45160828	0.242839	0.00364257	0.0389727	0.914811	1.88429	1.42541
chr1:52522097-52522597	0.202366	0.00181158	0.181025	0.284703	3.04041	1.8846
chr12:124389838-124390338	0.161893	0.036066	0.0268527	2.06242	3.50691	0.0825194
chr17:27949301-27949801	0.202366	0.00580183	0.00252654	0.0136553	0.319596	1.31065
chr11:114493534-114494034	0.161893	0.306161	0.0279476	1.3109	0.0653442	0.664206
chr19:47289815-47290315	0.161893	0.00230333	0.031334	2.08284	4.13422	0.875138
chr5:16976299-16976799	0.161893	0.000119737	0.0251476	1.76692	6.06907	1.92739
chr2:37622936-37623436	0.242839	0.0092129	0.0188999	2.56055	2.42296	0.543892
chr1:6662838-6663338	0.242839	0.1171	0.00114777	0.846555	0.883617	0.111098
chr15:99973461-99973961	0.202366	0.00799771	0.249424	0.103088	2.83704	2.38951
chr7:151097740-151098240	0.161893	0.038177	0.686125	2.49354	1.382	0.489769
chr8:145558665-145559165	0.202366	0.00762875	0.0870657	1.07532	0.853489	0.521919
chr5:66461837-66462337	0.202366	0.0309664	0.00420797	0.0890607	1.53585	0.57258
chr19:1213812-1214312	0.242839	0.00401729	0.0321969	1.07676	4.12284	0.126317
chr10:75407048-75407548	0.202366	0.00891844	0.0127121	0.936112	0.736449	0.461816
chr10:81964714-81965214	0.161893	0.0345758	0.00131861	0.474021	0.548662	0.940407
chr2:167026820-167027320	0.202366	0.140924	0.568554	1.70344	3.4192	0.07851
chr2:242157531-242158031	0.161893	0.00220756	0.00194657	0.0085272	0.658076	0.898374
chr22:29214449-29214949	0.202366	0.510517	0.148887	1.75769	5.90596	0.0666688
chr10:81134269-81134769	0.161893	0.131358	0.125452	0.590158	4.15502	1.8684
chrX:100914646-100915146	0.161893	0.00575226	0.0187581	0.87007	4.80411	0.487897
chr10:102756395-102756895	0.161893	0.00185813	0.230019	0.297327	2.05394	0.51564
chr16:11350164-11350664	0.161893	0.00287517	0.238267	0.0163491	3.64368	1.37966
chr1:44533050-44533550	0.161893	0.0169531	0.991434	2.14707	3.24882	2.21356
chr11:118979153-118979653	0.161893	0.0216788	0.377931	1.10083	3.50191	1.35601
chr9:72646001-72646501	0.202366	0.0862399	0.949349	5.68027	3.12882	0.455789
chrX:77280097-77280597	0.202366	0.160795	0.023775	1.41155	3.41013	0.934571
chrX:44733712-44734212	0.242839	0.00325781	0.142492	0.820369	2.58423	0.439685
chr7:26437856-26438356	0.161893	0.00073168	0.00542541	1.19754	1.64249	0.814268
chr3:142876867-142877367	0.202366	0.0879802	1.17403	3.31189	2.12454	0.957507
chr11:66056923-66057423	0.242839	0.00452916	0.111734	0.307996	3.10543	0.87268
chr4:108853117-108853617	0.161893	0.0214712	0.00864306	1.84076	2.39991	1.42886
chr12:99038844-99039344	0.242839	0.0508794	0.00430628	0.582649	0.633875	1.14124
chr12:131356320-131356820	0.161893	0.00215021	0.000867562	0.00728568	0.534408	0.088442
chr14:77624648-77625148	0.161893	0.125878	0.246707	2.1698	6.30933	0.0985494
chr6:24518094-24518594	0.242839	0.0265742	0.19615	2.29973	7.34243	0.087953
chr13:111329127-111329627	0.242839	0.0220683	0.0279845	0.52052	0.85818	2.72976
chr17:55145555-55146055	0.161893	0.0210241	0.0264178	0.721392	2.04672	0.88219
chr4:2413800-2414300	0.242839	0.0201096	0.356317	1.18058	3.56926	1.04926
chr16:68773850-68774350	0.202366	0.0118294	0.104482	2.51041	3.88067	0.121967
chr11:60539290-60539790	0.242839	0.000800042	0.0326395	2.04315	1.68324	0.577738
chr17:61779545-61780045	0.242839	0.0212718	0.119422	0.577716	3.8221	0.982834
chr3:112532713-112533213	0.242839	0.010865	0.472671	2.21562	4.63921	0.0402819
chr2:202076756-202077256	0.161893	0.0555293	0.0785585	0.9027	2.75697	0.972143
chr2:42149223-42149723	0.202366	0.522916	0.949152	2.78984	2.2504	0.0779209
chr5:55356505-55357005	0.242839	0.137325	0.960587	1.64836	3.68636	0.570601
chr1:146370020-146370520	0.161893	0.0444127	0.193583	2.78215	3.61619	0.565093
chr11:60666755-60667255	0.161893	0.00103166	0.00636909	2.11875	6.29018	0.451518
chr9:35604974-35605474	0.202366	0.0024962	0.00238142	0.0912421	0.660347	0.104809
chr17:79122264-79122764	0.161893	0.0497532	0.0465746	1.01204	0.883369	2.6247
chr19:11428337-11428837	0.202366	0.189701	1.12918	2.5363	1.95166	1.00077
chr11:73098090-73098590	0.202366	0.0179008	0.130341	0.591042	3.12263	1.91795
chr11:67121596-67122096	0.161893	0.000489638	0.0301492	3.59435	3.26649	1.83103
chr5:148188301-148188801	0.242839	0.0384729	0.0964143	1.31165	6.06607	0.454307
chr19:17975440-17975940	0.202366	0.0191074	0.0187751	1.35633	2.6506	0.123845
chr14:69821522-69822022	0.242839	0.000516872	0.0190018	1.13445	1.94858	0.136479
chr6:78175463-78175963	0.202366	0.0011945	0.0203334	1.05102	4.89147	0.572217
chr9:125686150-125686650	0.161893	0.384921	0.771688	1.60819	1.48647	0.0893597
chr10:72339245-72339745	0.161893	0.354764	0.0763603	2.49595	3.24917	0.491184
chr12:70133127-70133627	0.202366	0.0018703	0.0181045	0.129659	2.14125	0.967712
chr16:23846913-23847413	0.242839	0.00196867	0.0066978	0.00527142	1.62212	0.56847
chrX:37672826-37673326	0.202366	0.00507953	0.276045	4.27529	2.94333	0.965258
chr8:20081198-20081698	0.161893	0.000446848	0.0124668	2.64535	4.31613	0.951121
chr15:45459013-45459513	0.161893	0.000321799	0.0144273	0.657226	2.94548	0.50649
chr2:73151281-73151781	0.202366	0.000449439	0.00836252	0.0101895	1.83526	0.861335
chr15:101833275-101833775	0.202366	0.0347579	0.442462	2.28434	2.58926	0.398153
chr3:46990604-46991104	0.202366	0.00226341	0.0501222	1.22361	3.64323	1.51256
chr15:38964927-38965427	0.161893	0.0113562	0.498223	3.28652	2.94573	0.436016
chr8:11016232-11016732	0.242839	0.770223	0.348527	3.2449	2.84092	0.560575
chr22:31002540-31003040	0.161893	0.00231364	0.0338726	0.681534	2.16384	0.879203
chr4:113435884-113436384	0.242839	0.00353982	0.000227196	0.26383	0.712226	0.0972612
chr12:114753058-114753558	0.161893	0.0032174	0.0301148	3.90289	3.06161	0.0382883
chr9:15510417-15510917	0.242839	0.013071	0.00319432	0.035693	1.68073	0.114701
chr19:1862790-1863290	0.242839	0.000576238	0.0037763	0.0104011	0.421752	0.180476
chr6:44188896-44189396	0.161893	0.0754907	0.0304721	0.832676	3.78466	0.851904
chr16:87887234-87887734	0.161893	1.60935	0.699304	0.324194	3.41212	0.652885
chr16:692088-692588	0.161893	0.00655142	0.0368904	0.210738	1.11794	0.497246
chr16:2033972-2034472	0.242839	0.00146903	0.00104706	0.0171695	0.548257	0.99896
chr16:857680-858180	0.242839	0.358474	0.691744	0.105533	1.0742	0.44981
chr1:145004272-145004772	0.202366	0.332228	0.0533553	1.0636	1.02336	0.448974
chr11:60699946-60700446	0.202366	0.329906	0.90964	0.890762	3.6706	0.0636491
chr22:32145638-32146138	0.202366	0.0013407	0.0024649	0.111384	3.21438	0.588564
chr7:24766637-24767137	0.242839	0.0314716	0.142255	2.61888	5.21717	1.33622
chr1:202128275-202128775	0.242839	0.242597	0.245992	1.81686	2.63421	0.915331
chr17:49336476-49336976	0.202366	0.000387231	0.0125307	0.645211	3.86108	0.0915642
chr17:79368888-79369388	0.202366	0.00743465	0.0037759	0.506573	1.11955	0.0887946
chr10:5851496-5851996	0.242839	0.000393149	0.253976	2.6397	4.0022	0.0694434
chr11:568695-569195	0.202366	0.00175681	0.000159714	0.0486422	0.707651	0.181329
chr4:103997065-103997565	0.242839	0.00371884	0.0412818	1.23564	1.63986	1.34897
chr10:72253398-72253898	0.242839	0.307158	0.595343	0.383182	3.90665	1.08517
chr9:37066059-37066559	0.202366	0.0180138	0.899098	3.2354	2.12773	0.580721
chr11:57479282-57479782	0.242839	0.023562	0.183297	0.286845	0.715245	1.1108
chr22:31030750-31031250	0.161893	0.0041707	0.125235	1.30724	1.31895	2.90846
chr20:62364124-62364624	0.242839	0.000155148	0.020134	1.1422	0.654842	0.0575532
chr9:136324864-136325364	0.161893	0.0141187	0.0114566	0.56327	1.29826	1.26312
chr12:49246923-49247423	0.161893	0.000211207	0.017265	3.37755	2.84963	0.124449
chr22:19417825-19418325	0.202366	0.328478	0.614364	1.90951	3.75854	0.107283
chr20:5108044-5108544	0.242839	0.0168921	0.86805	0.773469	3.03968	0.626232
chrX:52964586-52965086	0.161893	0.0907657	0.0283784	1.36568	3.65277	0.471776
chr17:41174236-41174736	0.161893	0.0340912	0.0431084	2.01488	0.555184	0.886641
chr15:101458886-101459386	0.202366	0.0127876	0.00915182	2.33581	1.26345	0.474917
chr1:231647806-231648306	0.202366	0.0162345	0.325926	3.23579	4.91069	0.104017
chr6:123119099-123119599	0.202366	0.00208218	0.0656317	3.81441	3.31389	0.0744339
chr12:8261337-8261837	0.242839	0.00674813	1.33764	1.83842	4.15992	0.0460454
chr12:121661109-121661609	0.202366	0.0114221	0.438508	1.07684	1.10761	0.120347
chr3:178978961-178979461	0.202366	0.0020119	0.0632508	0.603133	0.801138	0.106974
chr20:33335251-33335751	0.202366	0.0269902	0.15738	3.39259	4.87462	0.0352579
chr5:102594859-102595359	0.242839	0.00162329	0.00181854	0.00788097	0.407661	0.860333
chr15:63480694-63481194	0.242839	0.00273113	0.0521118	3.67884	4.95533	0.089536
chr10:112033823-112034323	0.202366	0.0228381	0.0404132	2.05764	3.81163	0.563069
chr3:52091108-52091608	0.202366	0.00267392	0.0324403	0.110866	1.30655	0.141832
chr10:88160127-88160627	0.161893	0.0137864	0.00230195	0.0511168	2.70903	0.994193
chr20:19717742-19718242	0.161893	0.00236262	0.25083	3.04333	2.49069	0.0384238
chr19:41884274-41884774	0.202366	0.000302601	0.0582348	1.01306	6.89233	1.22839
chr1:44683324-44683824	0.202366	0.00738177	0.00983895	2.68768	2.20466	1.93137
chr3:182672293-182672793	0.242839	0.11186	1.27392	2.91433	2.31297	0.032748
chr21:42791913-42792413	0.202366	0.0062218	0.0083637	0.831496	1.84713	0.482095
chr21:47054453-47054953	0.242839	0.167629	0.787858	0.363118	2.9663	2.75953
chr17:80822637-80823137	0.161893	0.0665829	0.0763755	0.429023	2.83071	1.10251
chr2:191044824-191045324	0.202366	0.00560045	0.00678956	0.669153	1.43317	0.118051
chr15:45028270-45028770	0.202366	0.00838773	0.236571	1.16336	4.9572	0.0517995
chr14:24801240-24801740	0.242839	0.621239	0.0264367	1.34017	3.64208	0.63306
chr1:168490066-168490566	0.161893	0.190167	0.223267	1.69113	4.2636	0.0163053
chr19:17443432-17443932	0.161893	0.0263385	0.35701	0.192083	1.58254	0.122287
chr10:22609695-22610195	0.161893	0.000238768	0.502371	0.473875	2.84517	1.43667
chr1:206917985-206918485	0.202366	0.000908151	0.0362624	1.57614	3.63887	1.45347
chr22:36553046-36553546	0.242839	0.000804836	0.283629	2.05453	3.49477	0.817461
chr19:50351462-50351962	0.202366	0.00163129	0.0927531	1.86618	1.70276	0.996702
chr19:1266139-1266639	0.161893	0.00394706	0.010294	0.011812	1.14575	0.498324
chr12:132638331-132638831	0.161893	0.0726167	1.30262	0.249067	1.67378	0.495707
chr15:99619912-99620412	0.202366	0.0909857	0.0471913	0.4628	1.65924	0.888621
chr14:52406420-52406920	0.202366	0.00513977	0.604946	1.46843	5.87945	1.32757
chr22:42345208-42345708	0.202366	0.38072	0.124387	1.50374	3.92307	1.01036
chr19:42444115-42444615	0.202366	0.0256764	0.00498065	0.172366	1.60565	0.126411
chr11:107438555-107439055	0.202366	0.0356411	0.0260059	1.82802	2.77712	0.454173
chr5:71819749-71820249	0.242839	0.00476838	0.398444	4.24482	1.67525	0.543262
chr2:217356924-217357424	0.202366	0.123919	0.0265051	2.10432	3.60052	1.50128
chr11:128501938-128502438	0.202366	0.15077	0.0100228	0.482486	1.20067	0.0852835
chr7:105795384-105795884	0.202366	0.000773687	0.701309	3.35896	2.84302	0.0811501
chr10:79803205-79803705	0.202366	0.0825852	0.0684444	1.56434	3.74672	0.0856306
chr3:49939274-49939774	0.202366	0.159665	0.280409	0.589829	3.79095	0.907124
chr19:33166121-33166621	0.202366	0.011352	0.0267079	0.825693	1.64944	0.662554
chr8:95887027-95887527	0.161893	0.00259605	0.0305962	4.8435	4.17139	0.568094
chr11:65321825-65322325	0.161893	0.186941	0.936042	0.109889	2.73679	1.25048
chr19:39898716-39899216	0.242839	0.00901865	0.0474084	0.197109	1.8141	1.28692
chr8:8144948-8145448	0.202366	0.0137673	0.735713	2.50745	3.62821	0.443439
chr19:15666870-15667370	0.242839	0.00106948	0.0111318	0.441721	2.52737	0.563612
chr19:41808785-41809285	0.242839	0.00405127	0.145163	2.71161	5.65408	0.11864
chr14:32670823-32671323	0.161893	0.00280617	0.0222666	1.03626	2.61329	0.840094
chr11:18561713-18562213	0.161893	0.0465405	0.187744	2.93601	2.49736	0.414731
chr11:46271138-46271638	0.161893	0.000383742	0.0409769	1.61781	3.29387	0.455895
chr15:74666279-74666779	0.161893	0.00164661	0.00550608	0.545612	1.19819	1.68747
chr17:76362458-76362958	0.161893	0.00255174	0.0103674	0.154723	2.46042	1.40023
chr16:11876299-11876799	0.202366	0.00730175	0.316034	1.93745	4.69746	1.57372
chrX:67682414-67682914	0.161893	0.548566	0.968975	0.944806	1.88904	0.0795261
chr19:48672709-48673209	0.202366	0.00621713	0.534502	0.838941	2.94456	0.135821
chr5:54604207-54604707	0.242839	0.0779054	0.0586784	5.29375	3.77353	0.0400202
chr2:227665765-227666265	0.161893	0.0590432	0.00929764	1.46917	4.34672	0.112212
chr1:226036243-226036743	0.161893	0.00139002	0.0057483	0.179771	1.56536	0.504718
chr14:102783767-102784267	0.242839	0.0012049	0.174532	1.73481	3.41121	0.596302
chr10:98783718-98784218	0.202366	0.00157295	0.0719241	3.98107	4.4193	0.436023
chr15:65325985-65326485	0.242839	0.0128336	0.0363616	2.11196	3.1786	1.06027
chr11:65209416-65209916	0.202366	0.737065	0.251348	0.271266	1.82175	1.88219
chr14:35822177-35822677	0.161893	0.000553907	0.0649063	2.98681	4.13281	0.436131
chr20:47796212-47796712	0.202366	0.000728393	0.0421602	3.58218	3.10754	0.0772248
chr17:9432376-9432876	0.202366	0.00316695	0.223208	2.71205	4.54793	1.80098
chr15:75073859-75074359	0.161893	0.00261219	0.0916637	1.13141	2.4236	0.537067
chr10:49514581-49515081	0.242839	0.0280885	0.00319262	0.477004	1.67815	0.147556
chr4:57342056-57342556	0.161893	0.000430998	0.0137671	2.94286	3.6979	0.581387
chr4:4346524-4347024	0.202366	0.0848397	0.236403	1.39959	2.35495	1.22099
chr7:42909288-42909788	0.202366	0.00115484	0.0213445	2.11025	4.57002	0.828789
chr8:92044220-92044720	0.242839	0.0110105	0.0248985	1.90287	5.9164	0.102117
chr15:63495911-63496411	0.161893	0.17723	1.18063	3.2667	3.32306	0.558291
chr3:44726425-44726925	0.161893	0.0192654	0.14626	1.72303	1.13928	0.417681
chr17:72461128-72461628	0.161893	0.00033677	0.00209803	4.32644	1.08748	0.0581898
chr1:158340997-158341497	0.161893	0.00308114	0.014354	2.62416	4.30764	1.88856
chr19:4089293-4089793	0.161893	0.0428345	0.0715932	0.656415	2.42405	1.79994
chr13:99953292-99953792	0.202366	0.00488845	0.0157146	2.04437	3.01755	1.10775
chr19:42461841-42462341	0.161893	0.000685887	0.195049	0.243191	4.37268	0.872104
chr1:204387490-204387990	0.161893	0.189637	0.996346	1.32896	3.64564	0.459855
chr12:122150544-122151044	0.242839	0.407443	0.683985	0	0.279432	0.861801
chr11:5312341-5312841	0.161893	0.053529	0.641927	4.02335	5.40172	0.550961
